
$data merge entity $(bone_fin) {transformation: [-0.9848f,0f,0.1736f,-0.0716f,0f,1f,0f,0.1573f,-0.1736f,0f,-0.9848f,1.4241f,0f,0f,0f,1f],start_interpolation: 0,interpolation_duration: 1}
$data merge entity $(bone_tail) {transformation: [-0.9848f,0f,0.1736f,-0.0458f,0f,1f,0f,0.1875f,-0.1736f,0f,-0.9848f,1.2773f,0f,0f,0f,1f],start_interpolation: 0,interpolation_duration: 1}
$data merge entity $(bone_body_seg_3) {transformation: [-0.9914f,0f,0.1305f,-0.0091f,0f,1f,0f,0.1875f,-0.1305f,0f,-0.9914f,0.9985f,0f,0f,0f,1f],start_interpolation: 0,interpolation_duration: 1}
$data merge entity $(bone_body_seg_2) {transformation: [-0.9962f,0f,0.0872f,0.0127f,0f,1f,0f,0.0893f,-0.0872f,0f,-0.9962f,0.7494f,0f,0f,0f,1f],start_interpolation: 0,interpolation_duration: 1}
$data merge entity $(bone_body_seg_1) {transformation: [-0.999f,0f,0.0436f,0.0236f,0f,1f,0f,0.1875f,-0.0436f,0f,-0.999f,0.4997f,0f,0f,0f,1f],start_interpolation: 0,interpolation_duration: 1}
$data merge entity $(bone_bottom_jaw) {transformation: [-0.9974f,0f,0.0727f,0.0057f,0f,1f,0f,0.0938f,-0.0727f,0f,-0.9974f,-0.622f,0f,0f,0f,1f],start_interpolation: 0,interpolation_duration: 1}
$data merge entity $(bone_top_jaw) {transformation: [-0.9974f,0f,0.0727f,-0.0254f,0f,1f,0f,0.2813f,-0.0727f,0f,-0.9974f,-0.6242f,0f,0f,0f,1f],start_interpolation: 0,interpolation_duration: 1}
$data merge entity $(bone_gills) {transformation: [-1f,0f,0f,-0.0254f,0f,1f,0f,0.2813f,0f,0f,-1f,-0.6242f,0f,0f,0f,1f],start_interpolation: 0,interpolation_duration: 1}
$data merge entity $(bone_dorsal_fin_body) {transformation: [-0.999f,0f,-0.0436f,-0.0091f,0f,1f,0f,0.4063f,0.0436f,0f,-0.999f,-0.2496f,0f,0f,0f,1f],start_interpolation: 0,interpolation_duration: 1}
$data merge entity $(bone_body) {transformation: [-0.999f,0f,-0.0436f,0.0046f,0f,1f,0f,0.0622f,0.0436f,0f,-0.999f,-0.0417f,0f,0f,0f,1f],start_interpolation: 0,interpolation_duration: 1}