
$data merge entity $(bone_fin) {transformation: [-0.9903f,0f,0.1392f,-0.0574f,0f,1f,0f,0.1573f,-0.1392f,0f,-0.9903f,1.4263f,0f,0f,0f,1f],start_interpolation: 0,interpolation_duration: 1}
$data merge entity $(bone_tail) {transformation: [-0.9903f,0f,0.1392f,-0.0367f,0f,1f,0f,0.1875f,-0.1392f,0f,-0.9903f,1.2788f,0f,0f,0f,1f],start_interpolation: 0,interpolation_duration: 1}
$data merge entity $(bone_body_seg_3) {transformation: [-0.9945f,0f,0.1045f,-0.0073f,0f,1f,0f,0.1875f,-0.1045f,0f,-0.9945f,0.9991f,0f,0f,0f,1f],start_interpolation: 0,interpolation_duration: 1}
$data merge entity $(bone_body_seg_2) {transformation: [-0.9976f,0f,0.0698f,0.0102f,0f,1f,0f,0.0893f,-0.0698f,0f,-0.9976f,0.7497f,0f,0f,0f,1f],start_interpolation: 0,interpolation_duration: 1}
$data merge entity $(bone_body_seg_1) {transformation: [-0.9994f,0f,0.0349f,0.0189f,0f,1f,0f,0.1875f,-0.0349f,0f,-0.9994f,0.4998f,0f,0f,0f,1f],start_interpolation: 0,interpolation_duration: 1}
$data merge entity $(bone_bottom_jaw) {transformation: [-0.9983f,0f,0.0582f,0.0108f,0f,1f,0f,0.0938f,-0.0582f,0f,-0.9983f,-0.6227f,0f,0f,0f,1f],start_interpolation: 0,interpolation_duration: 1}
$data merge entity $(bone_top_jaw) {transformation: [-0.9983f,0f,0.0582f,-0.0204f,0f,1f,0f,0.2813f,-0.0582f,0f,-0.9983f,-0.6245f,0f,0f,0f,1f],start_interpolation: 0,interpolation_duration: 1}
$data merge entity $(bone_gills) {transformation: [-1f,0f,0f,-0.0204f,0f,1f,0f,0.2813f,0f,0f,-1f,-0.6245f,0f,0f,0f,1f],start_interpolation: 0,interpolation_duration: 1}
$data merge entity $(bone_dorsal_fin_body) {transformation: [-0.9994f,0f,-0.0349f,-0.0073f,0f,1f,0f,0.4063f,0.0349f,0f,-0.9994f,-0.2497f,0f,0f,0f,1f],start_interpolation: 0,interpolation_duration: 1}
$data merge entity $(bone_body) {transformation: [-0.9994f,0f,-0.0349f,0.0046f,0f,1f,0f,0.0622f,0.0349f,0f,-0.9994f,-0.0417f,0f,0f,0f,1f],start_interpolation: 0,interpolation_duration: 1}