
$data merge entity $(bone_fin) {transformation: [-0.9962f,0f,0.0872f,-0.0359f,0f,1f,0f,0.1573f,-0.0872f,0f,-0.9962f,1.4288f,0f,0f,0f,1f],start_interpolation: 0,interpolation_duration: 1}
$data merge entity $(bone_tail) {transformation: [-0.9962f,0f,0.0872f,-0.0229f,0f,1f,0f,0.1875f,-0.0872f,0f,-0.9962f,1.2803f,0f,0f,0f,1f],start_interpolation: 0,interpolation_duration: 1}
$data merge entity $(bone_body_seg_3) {transformation: [-0.9979f,0f,0.0654f,-0.0045f,0f,1f,0f,0.1875f,-0.0654f,0f,-0.9979f,0.9997f,0f,0f,0f,1f],start_interpolation: 0,interpolation_duration: 1}
$data merge entity $(bone_body_seg_2) {transformation: [-0.999f,0f,0.0436f,0.0064f,0f,1f,0f,0.0893f,-0.0436f,0f,-0.999f,0.7499f,0f,0f,0f,1f],start_interpolation: 0,interpolation_duration: 1}
$data merge entity $(bone_body_seg_1) {transformation: [-0.9998f,0f,0.0218f,0.0118f,0f,1f,0f,0.1875f,-0.0218f,0f,-0.9998f,0.5f,0f,0f,0f,1f],start_interpolation: 0,interpolation_duration: 1}
$data merge entity $(bone_bottom_jaw) {transformation: [-0.9993f,0f,0.0364f,0.0185f,0f,1f,0f,0.0938f,-0.0364f,0f,-0.9993f,-0.6236f,0f,0f,0f,1f],start_interpolation: 0,interpolation_duration: 1}
$data merge entity $(bone_top_jaw) {transformation: [-0.9993f,0f,0.0364f,-0.0127f,0f,1f,0f,0.2813f,-0.0364f,0f,-0.9993f,-0.6248f,0f,0f,0f,1f],start_interpolation: 0,interpolation_duration: 1}
$data merge entity $(bone_gills) {transformation: [-1f,0f,0f,-0.0127f,0f,1f,0f,0.2813f,0f,0f,-1f,-0.6248f,0f,0f,0f,1f],start_interpolation: 0,interpolation_duration: 1}
$data merge entity $(bone_dorsal_fin_body) {transformation: [-0.9998f,0f,-0.0218f,-0.0045f,0f,1f,0f,0.4063f,0.0218f,0f,-0.9998f,-0.2498f,0f,0f,0f,1f],start_interpolation: 0,interpolation_duration: 1}
$data merge entity $(bone_body) {transformation: [-0.9998f,0f,-0.0218f,0.0046f,0f,1f,0f,0.0622f,0.0218f,0f,-0.9998f,-0.0417f,0f,0f,0f,1f],start_interpolation: 0,interpolation_duration: 1}