
$data merge entity $(bone_fin) {transformation: [-0.9976f,0f,0.0698f,-0.0287f,0f,1f,0f,0.1573f,-0.0698f,0f,-0.9976f,1.4293f,0f,0f,0f,1f],start_interpolation: 0,interpolation_duration: 1}
$data merge entity $(bone_tail) {transformation: [-0.9976f,0f,0.0698f,-0.0184f,0f,1f,0f,0.1875f,-0.0698f,0f,-0.9976f,1.2807f,0f,0f,0f,1f],start_interpolation: 0,interpolation_duration: 1}
$data merge entity $(bone_body_seg_3) {transformation: [-0.9986f,0f,0.0523f,-0.0036f,0f,1f,0f,0.1875f,-0.0523f,0f,-0.9986f,0.9998f,0f,0f,0f,1f],start_interpolation: 0,interpolation_duration: 1}
$data merge entity $(bone_body_seg_2) {transformation: [-0.9994f,0f,0.0349f,0.0051f,0f,1f,0f,0.0893f,-0.0349f,0f,-0.9994f,0.75f,0f,0f,0f,1f],start_interpolation: 0,interpolation_duration: 1}
$data merge entity $(bone_body_seg_1) {transformation: [-0.9998f,0f,0.0175f,0.0095f,0f,1f,0f,0.1875f,-0.0175f,0f,-0.9998f,0.5f,0f,0f,0f,1f],start_interpolation: 0,interpolation_duration: 1}
$data merge entity $(bone_bottom_jaw) {transformation: [-0.9996f,0f,0.0291f,0.0211f,0f,1f,0f,0.0938f,-0.0291f,0f,-0.9996f,-0.6239f,0f,0f,0f,1f],start_interpolation: 0,interpolation_duration: 1}
$data merge entity $(bone_top_jaw) {transformation: [-0.9996f,0f,0.0291f,-0.0102f,0f,1f,0f,0.2813f,-0.0291f,0f,-0.9996f,-0.6248f,0f,0f,0f,1f],start_interpolation: 0,interpolation_duration: 1}
$data merge entity $(bone_gills) {transformation: [-1f,0f,0f,-0.0102f,0f,1f,0f,0.2813f,0f,0f,-1f,-0.6248f,0f,0f,0f,1f],start_interpolation: 0,interpolation_duration: 1}
$data merge entity $(bone_dorsal_fin_body) {transformation: [-0.9998f,0f,-0.0175f,-0.0036f,0f,1f,0f,0.4063f,0.0175f,0f,-0.9998f,-0.2499f,0f,0f,0f,1f],start_interpolation: 0,interpolation_duration: 1}
$data merge entity $(bone_body) {transformation: [-0.9998f,0f,-0.0175f,0.0046f,0f,1f,0f,0.0622f,0.0175f,0f,-0.9998f,-0.0417f,0f,0f,0f,1f],start_interpolation: 0,interpolation_duration: 1}