
$data merge entity $(bone_fin) {transformation: [-0.9969f,0f,-0.0785f,0.0188f,0f,1f,0f,0.1573f,0.0785f,0f,-0.9969f,1.429f,0f,0f,0f,1f],start_interpolation: 0,interpolation_duration: 1}
$data merge entity $(bone_tail) {transformation: [-0.9969f,0f,-0.0785f,0.0071f,0f,1f,0f,0.1875f,0.0785f,0f,-0.9969f,1.2805f,0f,0f,0f,1f],start_interpolation: 0,interpolation_duration: 1}
$data merge entity $(bone_body_seg_3) {transformation: [-0.9986f,0f,-0.0523f,-0.0076f,0f,1f,0f,0.1875f,0.0523f,0f,-0.9986f,0.9996f,0f,0f,0f,1f],start_interpolation: 0,interpolation_duration: 1}
$data merge entity $(bone_body_seg_2) {transformation: [-0.9997f,0f,-0.0262f,-0.0142f,0f,1f,0f,0.0893f,0.0262f,0f,-0.9997f,0.7497f,0f,0f,0f,1f],start_interpolation: 0,interpolation_duration: 1}
$data merge entity $(bone_body_seg_1) {transformation: [-1f,0f,0f,-0.0142f,0f,1f,0f,0.1875f,0f,0f,-1f,0.4997f,0f,0f,0f,1f],start_interpolation: 0,interpolation_duration: 1}
$data merge entity $(bone_bottom_jaw) {transformation: [-0.9986f,0f,-0.0523f,0.0465f,0f,1f,0f,0.0938f,0.0523f,0f,-0.9986f,-0.6266f,0f,0f,0f,1f],start_interpolation: 0,interpolation_duration: 1}
$data merge entity $(bone_top_jaw) {transformation: [-0.9986f,0f,-0.0523f,0.0153f,0f,1f,0f,0.2813f,0.0523f,0f,-0.9986f,-0.6249f,0f,0f,0f,1f],start_interpolation: 0,interpolation_duration: 1}
$data merge entity $(bone_gills) {transformation: [-1f,0f,0f,0.0153f,0f,1f,0f,0.2813f,0f,0f,-1f,-0.6249f,0f,0f,0f,1f],start_interpolation: 0,interpolation_duration: 1}
$data merge entity $(bone_dorsal_fin_body) {transformation: [-0.9997f,0f,0.0262f,0.0055f,0f,1f,0f,0.4063f,-0.0262f,0f,-0.9997f,-0.25f,0f,0f,0f,1f],start_interpolation: 0,interpolation_duration: 1}
$data merge entity $(bone_body) {transformation: [-0.9997f,0f,0.0262f,0.0046f,0f,1f,0f,0.0622f,-0.0262f,0f,-0.9997f,-0.0417f,0f,0f,0f,1f],start_interpolation: 0,interpolation_duration: 1}