
$data merge entity $(bone_fin) {transformation: [-0.9958f,0f,-0.0915f,0.0219f,0f,1f,0f,0.1573f,0.0915f,0f,-0.9958f,1.4286f,0f,0f,0f,1f],start_interpolation: 0,interpolation_duration: 1}
$data merge entity $(bone_tail) {transformation: [-0.9958f,0f,-0.0915f,0.0083f,0f,1f,0f,0.1875f,0.0915f,0f,-0.9958f,1.2802f,0f,0f,0f,1f],start_interpolation: 0,interpolation_duration: 1}
$data merge entity $(bone_body_seg_3) {transformation: [-0.9981f,0f,-0.061f,-0.0089f,0f,1f,0f,0.1875f,0.061f,0f,-0.9981f,0.9995f,0f,0f,0f,1f],start_interpolation: 0,interpolation_duration: 1}
$data merge entity $(bone_body_seg_2) {transformation: [-0.9995f,0f,-0.0305f,-0.0165f,0f,1f,0f,0.0893f,0.0305f,0f,-0.9995f,0.7496f,0f,0f,0f,1f],start_interpolation: 0,interpolation_duration: 1}
$data merge entity $(bone_body_seg_1) {transformation: [-1f,0f,0f,-0.0165f,0f,1f,0f,0.1875f,0f,0f,-1f,0.4996f,0f,0f,0f,1f],start_interpolation: 0,interpolation_duration: 1}
$data merge entity $(bone_bottom_jaw) {transformation: [-0.9981f,0f,-0.061f,0.049f,0f,1f,0f,0.0938f,0.061f,0f,-0.9981f,-0.6268f,0f,0f,0f,1f],start_interpolation: 0,interpolation_duration: 1}
$data merge entity $(bone_top_jaw) {transformation: [-0.9981f,0f,-0.061f,0.0178f,0f,1f,0f,0.2813f,0.061f,0f,-0.9981f,-0.6249f,0f,0f,0f,1f],start_interpolation: 0,interpolation_duration: 1}
$data merge entity $(bone_gills) {transformation: [-1f,0f,0f,0.0178f,0f,1f,0f,0.2813f,0f,0f,-1f,-0.6249f,0f,0f,0f,1f],start_interpolation: 0,interpolation_duration: 1}
$data merge entity $(bone_dorsal_fin_body) {transformation: [-0.9995f,0f,0.0305f,0.0064f,0f,1f,0f,0.4063f,-0.0305f,0f,-0.9995f,-0.25f,0f,0f,0f,1f],start_interpolation: 0,interpolation_duration: 1}
$data merge entity $(bone_body) {transformation: [-0.9995f,0f,0.0305f,0.0046f,0f,1f,0f,0.0622f,-0.0305f,0f,-0.9995f,-0.0417f,0f,0f,0f,1f],start_interpolation: 0,interpolation_duration: 1}