
$data merge entity $(bone_fin) {transformation: [-0.9945f,0f,-0.1045f,0.025f,0f,1f,0f,0.1573f,0.1045f,0f,-0.9945f,1.4281f,0f,0f,0f,1f],start_interpolation: 0,interpolation_duration: 1}
$data merge entity $(bone_tail) {transformation: [-0.9945f,0f,-0.1045f,0.0094f,0f,1f,0f,0.1875f,0.1045f,0f,-0.9945f,1.2799f,0f,0f,0f,1f],start_interpolation: 0,interpolation_duration: 1}
$data merge entity $(bone_body_seg_3) {transformation: [-0.9976f,0f,-0.0698f,-0.0102f,0f,1f,0f,0.1875f,0.0698f,0f,-0.9976f,0.9994f,0f,0f,0f,1f],start_interpolation: 0,interpolation_duration: 1}
$data merge entity $(bone_body_seg_2) {transformation: [-0.9994f,0f,-0.0349f,-0.0189f,0f,1f,0f,0.0893f,0.0349f,0f,-0.9994f,0.7495f,0f,0f,0f,1f],start_interpolation: 0,interpolation_duration: 1}
$data merge entity $(bone_body_seg_1) {transformation: [-1f,0f,0f,-0.0189f,0f,1f,0f,0.1875f,0f,0f,-1f,0.4995f,0f,0f,0f,1f],start_interpolation: 0,interpolation_duration: 1}
$data merge entity $(bone_bottom_jaw) {transformation: [-0.9976f,0f,-0.0698f,0.0515f,0f,1f,0f,0.0938f,0.0698f,0f,-0.9976f,-0.627f,0f,0f,0f,1f],start_interpolation: 0,interpolation_duration: 1}
$data merge entity $(bone_top_jaw) {transformation: [-0.9976f,0f,-0.0698f,0.0204f,0f,1f,0f,0.2813f,0.0698f,0f,-0.9976f,-0.6248f,0f,0f,0f,1f],start_interpolation: 0,interpolation_duration: 1}
$data merge entity $(bone_gills) {transformation: [-1f,0f,0f,0.0204f,0f,1f,0f,0.2813f,0f,0f,-1f,-0.6248f,0f,0f,0f,1f],start_interpolation: 0,interpolation_duration: 1}
$data merge entity $(bone_dorsal_fin_body) {transformation: [-0.9994f,0f,0.0349f,0.0073f,0f,1f,0f,0.4063f,-0.0349f,0f,-0.9994f,-0.25f,0f,0f,0f,1f],start_interpolation: 0,interpolation_duration: 1}
$data merge entity $(bone_body) {transformation: [-0.9994f,0f,0.0349f,0.0046f,0f,1f,0f,0.0622f,-0.0349f,0f,-0.9994f,-0.0417f,0f,0f,0f,1f],start_interpolation: 0,interpolation_duration: 1}