
$data merge entity $(bone_fin) {transformation: [-0.9931f,0f,-0.1175f,0.0281f,0f,1f,0f,0.1573f,0.1175f,0f,-0.9931f,1.4276f,0f,0f,0f,1f],start_interpolation: 0,interpolation_duration: 1}
$data merge entity $(bone_tail) {transformation: [-0.9931f,0f,-0.1175f,0.0106f,0f,1f,0f,0.1875f,0.1175f,0f,-0.9931f,1.2796f,0f,0f,0f,1f],start_interpolation: 0,interpolation_duration: 1}
$data merge entity $(bone_body_seg_3) {transformation: [-0.9969f,0f,-0.0785f,-0.0114f,0f,1f,0f,0.1875f,0.0785f,0f,-0.9969f,0.9992f,0f,0f,0f,1f],start_interpolation: 0,interpolation_duration: 1}
$data merge entity $(bone_body_seg_2) {transformation: [-0.9992f,0f,-0.0393f,-0.0213f,0f,1f,0f,0.0893f,0.0393f,0f,-0.9992f,0.7494f,0f,0f,0f,1f],start_interpolation: 0,interpolation_duration: 1}
$data merge entity $(bone_body_seg_1) {transformation: [-1f,0f,0f,-0.0213f,0f,1f,0f,0.1875f,0f,0f,-1f,0.4994f,0f,0f,0f,1f],start_interpolation: 0,interpolation_duration: 1}
$data merge entity $(bone_bottom_jaw) {transformation: [-0.9969f,0f,-0.0785f,0.0541f,0f,1f,0f,0.0938f,0.0785f,0f,-0.9969f,-0.6272f,0f,0f,0f,1f],start_interpolation: 0,interpolation_duration: 1}
$data merge entity $(bone_top_jaw) {transformation: [-0.9969f,0f,-0.0785f,0.0229f,0f,1f,0f,0.2813f,0.0785f,0f,-0.9969f,-0.6247f,0f,0f,0f,1f],start_interpolation: 0,interpolation_duration: 1}
$data merge entity $(bone_gills) {transformation: [-1f,0f,0f,0.0229f,0f,1f,0f,0.2813f,0f,0f,-1f,-0.6247f,0f,0f,0f,1f],start_interpolation: 0,interpolation_duration: 1}
$data merge entity $(bone_dorsal_fin_body) {transformation: [-0.9992f,0f,0.0393f,0.0082f,0f,1f,0f,0.4063f,-0.0393f,0f,-0.9992f,-0.25f,0f,0f,0f,1f],start_interpolation: 0,interpolation_duration: 1}
$data merge entity $(bone_body) {transformation: [-0.9992f,0f,0.0393f,0.0046f,0f,1f,0f,0.0622f,-0.0393f,0f,-0.9992f,-0.0417f,0f,0f,0f,1f],start_interpolation: 0,interpolation_duration: 1}