
$data merge entity $(bone_fin) {transformation: [-0.9979f,0f,-0.0654f,0.0157f,0f,1f,0f,0.1573f,0.0654f,0f,-0.9979f,1.4294f,0f,0f,0f,1f],start_interpolation: 0,interpolation_duration: 1}
$data merge entity $(bone_tail) {transformation: [-0.9979f,0f,-0.0654f,0.0059f,0f,1f,0f,0.1875f,0.0654f,0f,-0.9979f,1.2807f,0f,0f,0f,1f],start_interpolation: 0,interpolation_duration: 1}
$data merge entity $(bone_body_seg_3) {transformation: [-0.999f,0f,-0.0436f,-0.0064f,0f,1f,0f,0.1875f,0.0436f,0f,-0.999f,0.9997f,0f,0f,0f,1f],start_interpolation: 0,interpolation_duration: 1}
$data merge entity $(bone_body_seg_2) {transformation: [-0.9998f,0f,-0.0218f,-0.0118f,0f,1f,0f,0.0893f,0.0218f,0f,-0.9998f,0.7498f,0f,0f,0f,1f],start_interpolation: 0,interpolation_duration: 1}
$data merge entity $(bone_body_seg_1) {transformation: [-1f,0f,0f,-0.0118f,0f,1f,0f,0.1875f,0f,0f,-1f,0.4998f,0f,0f,0f,1f],start_interpolation: 0,interpolation_duration: 1}
$data merge entity $(bone_bottom_jaw) {transformation: [-0.999f,0f,-0.0436f,0.0439f,0f,1f,0f,0.0938f,0.0436f,0f,-0.999f,-0.6263f,0f,0f,0f,1f],start_interpolation: 0,interpolation_duration: 1}
$data merge entity $(bone_top_jaw) {transformation: [-0.999f,0f,-0.0436f,0.0127f,0f,1f,0f,0.2813f,0.0436f,0f,-0.999f,-0.625f,0f,0f,0f,1f],start_interpolation: 0,interpolation_duration: 1}
$data merge entity $(bone_gills) {transformation: [-1f,0f,0f,0.0127f,0f,1f,0f,0.2813f,0f,0f,-1f,-0.625f,0f,0f,0f,1f],start_interpolation: 0,interpolation_duration: 1}
$data merge entity $(bone_dorsal_fin_body) {transformation: [-0.9998f,0f,0.0218f,0.0045f,0f,1f,0f,0.4063f,-0.0218f,0f,-0.9998f,-0.2501f,0f,0f,0f,1f],start_interpolation: 0,interpolation_duration: 1}
$data merge entity $(bone_body) {transformation: [-0.9998f,0f,0.0218f,0.0046f,0f,1f,0f,0.0622f,-0.0218f,0f,-0.9998f,-0.0417f,0f,0f,0f,1f],start_interpolation: 0,interpolation_duration: 1}