
$data merge entity $(bone_fin) {transformation: [-0.9925f,0f,0.1219f,-0.0502f,0f,1f,0f,0.1573f,-0.1219f,0f,-0.9925f,1.4273f,0f,0f,0f,1f],start_interpolation: 0,interpolation_duration: 1}
$data merge entity $(bone_tail) {transformation: [-0.9925f,0f,0.1219f,-0.0321f,0f,1f,0f,0.1875f,-0.1219f,0f,-0.9925f,1.2794f,0f,0f,0f,1f],start_interpolation: 0,interpolation_duration: 1}
$data merge entity $(bone_body_seg_3) {transformation: [-0.9958f,0f,0.0915f,-0.0064f,0f,1f,0f,0.1875f,-0.0915f,0f,-0.9958f,0.9993f,0f,0f,0f,1f],start_interpolation: 0,interpolation_duration: 1}
$data merge entity $(bone_body_seg_2) {transformation: [-0.9981f,0f,0.061f,0.0089f,0f,1f,0f,0.0893f,-0.061f,0f,-0.9981f,0.7498f,0f,0f,0f,1f],start_interpolation: 0,interpolation_duration: 1}
$data merge entity $(bone_body_seg_1) {transformation: [-0.9995f,0f,0.0305f,0.0165f,0f,1f,0f,0.1875f,-0.0305f,0f,-0.9995f,0.4999f,0f,0f,0f,1f],start_interpolation: 0,interpolation_duration: 1}
$data merge entity $(bone_bottom_jaw) {transformation: [-0.9987f,0f,0.0509f,0.0134f,0f,1f,0f,0.0938f,-0.0509f,0f,-0.9987f,-0.623f,0f,0f,0f,1f],start_interpolation: 0,interpolation_duration: 1}
$data merge entity $(bone_top_jaw) {transformation: [-0.9987f,0f,0.0509f,-0.0178f,0f,1f,0f,0.2813f,-0.0509f,0f,-0.9987f,-0.6246f,0f,0f,0f,1f],start_interpolation: 0,interpolation_duration: 1}
$data merge entity $(bone_gills) {transformation: [-1f,0f,0f,-0.0178f,0f,1f,0f,0.2813f,0f,0f,-1f,-0.6246f,0f,0f,0f,1f],start_interpolation: 0,interpolation_duration: 1}
$data merge entity $(bone_dorsal_fin_body) {transformation: [-0.9995f,0f,-0.0305f,-0.0064f,0f,1f,0f,0.4063f,0.0305f,0f,-0.9995f,-0.2498f,0f,0f,0f,1f],start_interpolation: 0,interpolation_duration: 1}
$data merge entity $(bone_body) {transformation: [-0.9995f,0f,-0.0305f,0.0046f,0f,1f,0f,0.0622f,0.0305f,0f,-0.9995f,-0.0417f,0f,0f,0f,1f],start_interpolation: 0,interpolation_duration: 1}