
$data merge entity $(bone_fin) {transformation: [-0.9877f,0f,0.1564f,-0.0645f,0f,1f,0f,0.1573f,-0.1564f,0f,-0.9877f,1.4253f,0f,0f,0f,1f],start_interpolation: 0,interpolation_duration: 1}
$data merge entity $(bone_tail) {transformation: [-0.9877f,0f,0.1564f,-0.0412f,0f,1f,0f,0.1875f,-0.1564f,0f,-0.9877f,1.2781f,0f,0f,0f,1f],start_interpolation: 0,interpolation_duration: 1}
$data merge entity $(bone_body_seg_3) {transformation: [-0.9931f,0f,0.1175f,-0.0082f,0f,1f,0f,0.1875f,-0.1175f,0f,-0.9931f,0.9988f,0f,0f,0f,1f],start_interpolation: 0,interpolation_duration: 1}
$data merge entity $(bone_body_seg_2) {transformation: [-0.9969f,0f,0.0785f,0.0115f,0f,1f,0f,0.0893f,-0.0785f,0f,-0.9969f,0.7496f,0f,0f,0f,1f],start_interpolation: 0,interpolation_duration: 1}
$data merge entity $(bone_body_seg_1) {transformation: [-0.9992f,0f,0.0393f,0.0213f,0f,1f,0f,0.1875f,-0.0393f,0f,-0.9992f,0.4998f,0f,0f,0f,1f],start_interpolation: 0,interpolation_duration: 1}
$data merge entity $(bone_bottom_jaw) {transformation: [-0.9979f,0f,0.0655f,0.0083f,0f,1f,0f,0.0938f,-0.0655f,0f,-0.9979f,-0.6223f,0f,0f,0f,1f],start_interpolation: 0,interpolation_duration: 1}
$data merge entity $(bone_top_jaw) {transformation: [-0.9979f,0f,0.0655f,-0.0229f,0f,1f,0f,0.2813f,-0.0655f,0f,-0.9979f,-0.6244f,0f,0f,0f,1f],start_interpolation: 0,interpolation_duration: 1}
$data merge entity $(bone_gills) {transformation: [-1f,0f,0f,-0.0229f,0f,1f,0f,0.2813f,0f,0f,-1f,-0.6244f,0f,0f,0f,1f],start_interpolation: 0,interpolation_duration: 1}
$data merge entity $(bone_dorsal_fin_body) {transformation: [-0.9992f,0f,-0.0393f,-0.0082f,0f,1f,0f,0.4063f,0.0393f,0f,-0.9992f,-0.2497f,0f,0f,0f,1f],start_interpolation: 0,interpolation_duration: 1}
$data merge entity $(bone_body) {transformation: [-0.9992f,0f,-0.0393f,0.0046f,0f,1f,0f,0.0622f,0.0393f,0f,-0.9992f,-0.0417f,0f,0f,0f,1f],start_interpolation: 0,interpolation_duration: 1}