# This file was generated by Animated Java via MC-Build. It is not recommended to edit this file directly.
$data merge entity $(bone_tail_4) { transformation: [-0.9666040575625101f,0.016229213215880396f,0.25576006049046296f,-0.09174730876654996f,0.015868442867695072f,0.9998680524010665f,-0.003474234973776074f,0.32878962638340775f,-0.2557826976647296f,0.0007003042851536124f,-0.966734048820699f,1.12103199729692f,0f,0f,0f,1f], start_interpolation: 0, interpolation_duration: 1 }
$data merge entity $(bone_tail_3) { transformation: [-0.9768401618327487f,0.016229213215880396f,0.2133539567689407f,-0.030145826406218615f,0.016004883627363412f,0.9998680524010665f,-0.0027787565155777847f,0.01546249859695642f,-0.21337090225858837f,0.0007003042851536124f,-0.9769710167877367f,0.8155097094616419f,0f,0f,0f,1f], start_interpolation: 0, interpolation_duration: 1 }
$data merge entity $(bone_tail_2) { transformation: [-0.9917180126712156f,0.016229213215880396f,0.12740485069983837f,-0.02928580162723451f,0.016186164801184892f,0.9998680524010665f,-0.0013732649879737901f,0.015625f,-0.12741032694598778f,0.0007003042851536124f,-0.9918498465803303f,0.5635656750994973f,0f,0f,0f,1f], start_interpolation: 0, interpolation_duration: 1 }
$data merge entity $(bone_tail_1) { transformation: [-0.9990482215818578f,0f,0.043619387365336125f,-0.04687500000000003f,0f,1f,0f,0.015625f,-0.043619387365336125f,0f,-0.9990482215818578f,0.25f,0f,0f,0f,1f], start_interpolation: 0, interpolation_duration: 1 }
$data merge entity $(bone_tail_entire) { transformation: [-1f,0f,1.2246467991473532e-16f,-0.015625000000000014f,0f,1f,0f,0.125f,-1.2246467991473532e-16f,0f,-1f,0.125f,0f,0f,0f,1f], start_interpolation: 0, interpolation_duration: 1 }
$data merge entity $(bone_dorsal_fin) { transformation: [-0.9990482215818578f,0.043619387365336f,1.2246467991473532e-16f,-0.015624999999999962f,0.043619387365336f,0.9990482215818578f,0f,0.5f,-1.223481206754078e-16f,5.341834311772723e-18f,-1f,-0.3125f,0f,0f,0f,1f], start_interpolation: 0, interpolation_duration: 1 }
$data merge entity $(bone_upper_jaw) { transformation: [-0.9990482215818578f,0.043619387365336f,1.2246467991473532e-16f,0.01567571733441773f,0.043619387365336f,0.9990482215818578f,0f,0.4840329546309802f,-1.223481206754078e-16f,5.341834311772723e-18f,-1f,-0.859375f,0f,0f,0f,1f], start_interpolation: 0, interpolation_duration: 1 }
$data merge entity $(bone_lower_jaw) { transformation: [-0.9990482215818578f,0.043619387365336f,1.2246467991473532e-16f,0.03871733912785028f,0.043619387365336f,0.9990482215818578f,0f,0.29534830722921507f,-1.223481206754078e-16f,5.341834311772723e-18f,-1f,-0.859375f,0f,0f,0f,1f], start_interpolation: 0, interpolation_duration: 1 }
$data merge entity $(bone_neck) { transformation: [-0.9990482215818578f,0.043619387365336f,1.2246467991473532e-16f,0.03871733912785028f,0.043619387365336f,0.9990482215818578f,0f,0.29534830722921507f,-1.223481206754078e-16f,5.341834311772723e-18f,-1f,-0.859375f,0f,0f,0f,1f], start_interpolation: 0, interpolation_duration: 1 }
$data merge entity $(bone_upper_body) { transformation: [-0.9990482215818578f,0.043619387365336f,1.2246467991473532e-16f,3.061616997868383e-17f,0.043619387365336f,0.9990482215818578f,0f,0.125f,-1.223481206754078e-16f,5.341834311772723e-18f,-1f,-0.25f,0f,0f,0f,1f], start_interpolation: 0, interpolation_duration: 1 }