# This file was generated by Animated Java via MC-Build. It is not recommended to edit this file directly.
$data merge entity $(bone_tail_4) { transformation: [-0.956673685777926f,0.01439801151282816f,0.29080604568088775f,-0.12335739412647934f,0.01409387693863048f,0.9998957445888275f,-0.0031404754405960755f,0.3287375899248314f,-0.29082094417857324f,0.0010941744059860814f,-0.9567768711718803f,1.1184171356836188f,0f,0f,0f,1f], start_interpolation: 0, interpolation_duration: 1 }
$data merge entity $(bone_tail_3) { transformation: [-0.9684479259653342f,0.01439801151282816f,0.24879974268057226f,-0.050106853136559305f,0.014217448305487023f,0.9998957445888275f,-0.0025227201261835116f,0.015481819701390427f,-0.2488101261145199f,0.0010941744059860814f,-0.9685516630129991f,0.8154028114901859f,0f,0f,0f,1f], start_interpolation: 0, interpolation_duration: 1 }
$data merge entity $(bone_tail_2) { transformation: [-0.9869900527195827f,0.01439801151282816f,0.16013535867219286f,-0.04091645261599805f,0.01438741116098588f,0.9998957445888275f,-0.0012257052006849475f,0.015625f,-0.160136311412122f,0.0010941744059860814f,-0.987094303777349f,0.5636249758142199f,0f,0f,0f,1f], start_interpolation: 0, interpolation_duration: 1 }
$data merge entity $(bone_tail_1) { transformation: [-0.9970861323044666f,0f,0.07628397450395241f,-0.048236652218027504f,0f,1f,0f,0.015625f,-0.07628397450395241f,0f,-0.9970861323044666f,0.2496516852658255f,0f,0f,0f,1f], start_interpolation: 0, interpolation_duration: 1 }
$data merge entity $(bone_tail_entire) { transformation: [-0.9999405050001497f,0f,0.010908091494182495f,-0.015625000000000014f,0f,1f,0f,0.125f,-0.010908091494182495f,0f,-0.9999405050001497f,0.125f,0f,0f,0f,1f], start_interpolation: 0, interpolation_duration: 1 }
$data merge entity $(bone_dorsal_fin) { transformation: [-0.9981347984218669f,0.06104853953485686f,1.2246467991473532e-16f,-0.015624999999999962f,0.06104853953485686f,0.9981347984218669f,0f,0.5f,-1.2223625860049279e-16f,7.476289853398309e-18f,-1f,-0.3125f,0f,0f,0f,1f], start_interpolation: 0, interpolation_duration: 1 }
$data merge entity $(bone_upper_jaw) { transformation: [-0.9986295347545738f,0.05233595624294383f,1.2246467991473532e-16f,0.018808234274808044f,0.05233595624294383f,0.9986295347545738f,0f,0.483882489052425f,-1.2229684632711994e-16f,6.4093061293237094e-18f,-1f,-0.859375f,0f,0f,0f,1f], start_interpolation: 0, interpolation_duration: 1 }
$data merge entity $(bone_lower_jaw) { transformation: [-0.9986295347545738f,0.05233595624294383f,1.2246467991473532e-16f,0.04020241544033651f,0.05233595624294383f,0.9986295347545738f,0f,0.2950039526533504f,-1.2229684632711994e-16f,6.4093061293237094e-18f,-1f,-0.859375f,0f,0f,0f,1f], start_interpolation: 0, interpolation_duration: 1 }
$data merge entity $(bone_neck) { transformation: [-0.9986295347545738f,0.05233595624294383f,1.2246467991473532e-16f,0.04020241544033651f,0.05233595624294383f,0.9986295347545738f,0f,0.2950039526533504f,-1.2229684632711994e-16f,6.4093061293237094e-18f,-1f,-0.859375f,0f,0f,0f,1f], start_interpolation: 0, interpolation_duration: 1 }
$data merge entity $(bone_upper_body) { transformation: [-0.9986295347545738f,0.05233595624294383f,1.2246467991473532e-16f,3.061616997868383e-17f,0.05233595624294383f,0.9986295347545738f,0f,0.125f,-1.2229684632711994e-16f,6.4093061293237094e-18f,-1f,-0.25f,0f,0f,0f,1f], start_interpolation: 0, interpolation_duration: 1 }