# This file was generated by Animated Java via MC-Build. It is not recommended to edit this file directly.
$data merge entity $(bone_tail_4) { transformation: [-0.9587314350229014f,0f,0.28431327000146867f,-0.10404215385755318f,0f,1f,0f,0.328125f,-0.28431327000146867f,0f,-0.9587314350229014f,1.1197769598271807f,0f,0f,0f,1f], start_interpolation: 0, interpolation_duration: 1 }
$data merge entity $(bone_tail_3) { transformation: [-0.9702205057915514f,0f,0.24222338892350143f,-0.02834734481895898f,0f,1f,0f,0.015625f,-0.24222338892350143f,0f,-0.9702205057915514f,0.8165830517673209f,0f,0f,0f,1f], start_interpolation: 0, interpolation_duration: 1 }
$data merge entity $(bone_tail_2) { transformation: [-0.9923433091122084f,0f,0.12351014881471012f,-0.028480536025037962f,0f,1f,0f,0.015625f,-0.12351014881471012f,0f,-0.9923433091122084f,0.5646375323388091f,0f,0f,0f,1f], start_interpolation: 0, interpolation_duration: 1 }
$data merge entity $(bone_tail_1) { transformation: [-0.9985674399813748f,0f,0.053507642529299335f,-0.04296463023404988f,0f,1f,0f,0.015625f,-0.053507642529299335f,0f,-0.9985674399813748f,0.2509130935155889f,0f,0f,0f,1f], start_interpolation: 0, interpolation_duration: 1 }
$data merge entity $(bone_tail_entire) { transformation: [-0.9995143610285276f,0f,-0.031161548384732955f,-0.015625000000000014f,0f,1f,0f,0.125f,0.031161548384732955f,0f,-0.9995143610285276f,0.125f,0f,0f,0f,1f], start_interpolation: 0, interpolation_duration: 1 }
$data merge entity $(bone_dorsal_fin) { transformation: [-0.9997620270799091f,0.02181488503456112f,1.2246467991473532e-16f,-0.015624999999999962f,0.02181488503456112f,0.9997620270799091f,0f,0.5f,-1.22435536637248e-16f,2.6715529131342774e-18f,-1f,-0.3125f,0f,0f,0f,1f], start_interpolation: 0, interpolation_duration: 1 }
$data merge entity $(bone_upper_jaw) { transformation: [-0.9999414531032158f,-0.010820830182076658f,1.2246467991473532e-16f,-0.0038887358466836892f,-0.010820830182076658f,0.9999414531032158f,0f,0.48435395970896816f,-1.2245750998776065e-16f,-1.325169504659725e-18f,-1f,-0.859375f,0f,0f,0f,1f], start_interpolation: 0, interpolation_duration: 1 }
$data merge entity $(bone_lower_jaw) { transformation: [-0.9999414531032158f,-0.010820830182076658f,1.2246467991473532e-16f,0.029388340221931177f,-0.010820830182076658f,0.9999414531032158f,0f,0.2972030881953051f,-1.2245750998776065e-16f,-1.325169504659725e-18f,-1f,-0.859375f,0f,0f,0f,1f], start_interpolation: 0, interpolation_duration: 1 }
$data merge entity $(bone_neck) { transformation: [-0.9999414531032158f,-0.010820830182076658f,1.2246467991473532e-16f,0.029388340221931177f,-0.010820830182076658f,0.9999414531032158f,0f,0.2972030881953051f,-1.2245750998776065e-16f,-1.325169504659725e-18f,-1f,-0.859375f,0f,0f,0f,1f], start_interpolation: 0, interpolation_duration: 1 }
$data merge entity $(bone_upper_body) { transformation: [-0.9999414531032158f,-0.010820830182076658f,1.2246467991473532e-16f,3.061616997868383e-17f,-0.010820830182076658f,0.9999414531032158f,0f,0.125f,-1.2245750998776065e-16f,-1.325169504659725e-18f,-1f,-0.25f,0f,0f,0f,1f], start_interpolation: 0, interpolation_duration: 1 }