# This file was generated by Animated Java via MC-Build. It is not recommended to edit this file directly.
$data merge entity $(bone_tail_4) { transformation: [-0.9677876565096027f,0f,0.25176785320539097f,-0.07650776091712828f,0f,1f,0f,0.328125f,-0.25176785320539097f,0f,-0.9677876565096027f,1.1219571896887708f,0f,0f,0f,1f], start_interpolation: 0, interpolation_duration: 1 }
$data merge entity $(bone_tail_3) { transformation: [-0.9778484966198975f,0f,0.209313921319645f,-0.011097160504739228f,0f,1f,0f,0.015625f,-0.209313921319645f,0f,-0.9778484966198975f,0.8163795344950528f,0f,0f,0f,1f], start_interpolation: 0, interpolation_duration: 1 }
$data merge entity $(bone_tail_2) { transformation: [-0.9962450865141835f,0f,0.08657787013057724f,-0.020585351925663152f,0f,1f,0f,0.015625f,-0.08657787013057724f,0f,-0.9962450865141835f,0.5646127044249265f,0f,0f,0f,1f], start_interpolation: 0, interpolation_duration: 1 }
$data merge entity $(bone_tail_1) { transformation: [-0.9994433870252286f,0f,0.033360397652593465f,-0.04139283350376609f,0f,1f,0f,0.015625f,-0.033360397652593465f,0f,-0.9994433870252286f,0.251244133552899f,0f,0f,0f,1f], start_interpolation: 0, interpolation_duration: 1 }
$data merge entity $(bone_tail_entire) { transformation: [-0.9990482215818578f,0f,-0.043619387365335875f,-0.015625000000000014f,0f,1f,0f,0.125f,0.043619387365335875f,0f,-0.9990482215818578f,0.125f,0f,0f,0f,1f], start_interpolation: 0, interpolation_duration: 1 }
$data merge entity $(bone_dorsal_fin) { transformation: [-0.9999913311602591f,0.004163844897814786f,1.2246467991473532e-16f,-0.015624999999999962f,0.004163844897814786f,0.9999913311602591f,0f,0.5f,-1.2246361828805122e-16f,5.099239326254916e-19f,-1f,-0.3125f,0f,0f,0f,1f], start_interpolation: 0, interpolation_duration: 1 }
$data merge entity $(bone_upper_jaw) { transformation: [-0.9997858740293456f,-0.020693141167485447f,1.2246467991473532e-16f,-0.007436597607064978f,-0.020693141167485447f,0.9997858740293456f,0f,0.48429804847929603f,-1.224384570462777e-16f,-2.5341789095065375e-18f,-1f,-0.859375f,0f,0f,0f,1f], start_interpolation: 0, interpolation_duration: 1 }
$data merge entity $(bone_lower_jaw) { transformation: [-0.9997858740293456f,-0.020693141167485447f,1.2246467991473532e-16f,0.027686674925255596f,-0.020693141167485447f,0.9997858740293456f,0f,0.29748485776027767f,-1.224384570462777e-16f,-2.5341789095065375e-18f,-1f,-0.859375f,0f,0f,0f,1f], start_interpolation: 0, interpolation_duration: 1 }
$data merge entity $(bone_neck) { transformation: [-0.9997858740293456f,-0.020693141167485447f,1.2246467991473532e-16f,0.027686674925255596f,-0.020693141167485447f,0.9997858740293456f,0f,0.29748485776027767f,-1.224384570462777e-16f,-2.5341789095065375e-18f,-1f,-0.859375f,0f,0f,0f,1f], start_interpolation: 0, interpolation_duration: 1 }
$data merge entity $(bone_upper_body) { transformation: [-0.9997858740293456f,-0.020693141167485447f,1.2246467991473532e-16f,3.061616997868383e-17f,-0.020693141167485447f,0.9997858740293456f,0f,0.125f,-1.224384570462777e-16f,-2.5341789095065375e-18f,-1f,-0.25f,0f,0f,0f,1f], start_interpolation: 0, interpolation_duration: 1 }