# This file was generated by Animated Java via MC-Build. It is not recommended to edit this file directly.
$data merge entity $(bone_tail_4) { transformation: [-0.979243638247184f,0f,0.20268669653536256f,-0.032318596423683656f,0f,1f,0f,0.328125f,-0.20268669653536256f,0f,-0.979243638247184f,1.123709825062433f,0f,0f,0f,1f], start_interpolation: 0, interpolation_duration: 1 }
$data merge entity $(bone_tail_3) { transformation: [-0.9871526848161735f,0f,0.15977977613021077f,0.01761258361700721f,0f,1f,0f,0.015625f,-0.15977977613021077f,0f,-0.9871526848161735f,0.8152246110573789f,0f,0f,0f,1f], start_interpolation: 0, interpolation_duration: 1 }
$data merge entity $(bone_tail_2) { transformation: [-0.9994580452659003f,0f,0.03291831941738999f,-0.005390900443204678f,0f,1f,0f,0.015625f,-0.03291831941738999f,0f,-0.9994580452659003f,0.5643314022591103f,0f,0f,0f,1f], start_interpolation: 0, interpolation_duration: 1 }
$data merge entity $(bone_tail_1) { transformation: [-0.9999941442306325f,0f,-0.0034222075396948687f,-0.03771015730656659f,0f,1f,0f,0.015625f,0.0034222075396948687f,0f,-0.9999941442306325f,0.2519401761726531f,0f,0f,0f,1f], start_interpolation: 0, interpolation_duration: 1 }
$data merge entity $(bone_tail_entire) { transformation: [-0.9973569167005722f,0f,-0.07265797072261045f,-0.015625000000000014f,0f,1f,0f,0.125f,0.07265797072261045f,0f,-0.9973569167005722f,0.125f,0f,0f,0f,1f], start_interpolation: 0, interpolation_duration: 1 }
$data merge entity $(bone_dorsal_fin) { transformation: [-0.9999090261436515f,-0.01348849274212783f,1.2246467991473532e-16f,-0.015624999999999962f,-0.01348849274212783f,0.9999090261436515f,0f,0.5f,-1.22453538830537e-16f,-1.6518639461969151e-18f,-1f,-0.3125f,0f,0f,0f,1f], start_interpolation: 0, interpolation_duration: 1 }
$data merge entity $(bone_upper_jaw) { transformation: [-0.999532829100875f,-0.03056343484624821f,1.2246467991473532e-16f,-0.010983734397870346f,-0.03056343484624821f,0.999532829100875f,0f,0.4842071104581269f,-1.224074679801085e-16f,-3.742941265540655e-18f,-1f,-0.859375f,0f,0f,0f,1f], start_interpolation: 0, interpolation_duration: 1 }
$data merge entity $(bone_lower_jaw) { transformation: [-0.999532829100875f,-0.03056343484624821f,1.2246467991473532e-16f,0.02598231054520354f,-0.03056343484624821f,0.999532829100875f,0f,0.2977498123406581f,-1.224074679801085e-16f,-3.742941265540655e-18f,-1f,-0.859375f,0f,0f,0f,1f], start_interpolation: 0, interpolation_duration: 1 }
$data merge entity $(bone_neck) { transformation: [-0.999532829100875f,-0.03056343484624821f,1.2246467991473532e-16f,0.02598231054520354f,-0.03056343484624821f,0.999532829100875f,0f,0.2977498123406581f,-1.224074679801085e-16f,-3.742941265540655e-18f,-1f,-0.859375f,0f,0f,0f,1f], start_interpolation: 0, interpolation_duration: 1 }
$data merge entity $(bone_upper_body) { transformation: [-0.999532829100875f,-0.03056343484624821f,1.2246467991473532e-16f,3.061616997868383e-17f,-0.03056343484624821f,0.999532829100875f,0f,0.125f,-1.224074679801085e-16f,-3.742941265540655e-18f,-1f,-0.25f,0f,0f,0f,1f], start_interpolation: 0, interpolation_duration: 1 }