# This file was generated by Animated Java via MC-Build. It is not recommended to edit this file directly.
$data merge entity $(bone_tail_4) { transformation: [-0.9882121458259929f,0f,0.1530906752287241f,0.011905880518481585f,0f,1f,0f,0.328125f,-0.1530906752287241f,0f,-0.9882121458259929f,1.123423696093883f,0f,0f,0f,1f], start_interpolation: 0, interpolation_duration: 1 }
$data merge entity $(bone_tail_3) { transformation: [-0.9939493082978723f,0f,0.1098397584401087f,0.04623080503101555f,0f,1f,0f,0.015625f,-0.1098397584401087f,0f,-0.9939493082978723f,0.8128145372507979f,0f,0f,0f,1f], start_interpolation: 0, interpolation_duration: 1 }
$data merge entity $(bone_tail_2) { transformation: [-0.9997828996015364f,0f,-0.020836354391889005f,0.009778500820495285f,0f,1f,0f,0.015625f,0.020836354391889005f,0f,-0.9997828996015364f,0.5635199484251603f,0f,0f,0f,1f], start_interpolation: 0, interpolation_duration: 1 }
$data merge entity $(bone_tail_1) { transformation: [-0.9991916459822039f,0f,-0.04020018158384717f,-0.03400879486140083f,0f,1f,0f,0.015625f,0.04020018158384717f,0f,-0.9991916459822039f,0.2525288147302167f,0f,0f,0f,1f], start_interpolation: 0, interpolation_duration: 1 }
$data merge entity $(bone_tail_entire) { transformation: [-0.9948217482960331f,0f,-0.10163507818280176f,-0.015625000000000014f,0f,1f,0f,0.125f,0.10163507818280176f,0f,-0.9948217482960331f,0.125f,0f,0f,0f,1f], start_interpolation: 0, interpolation_duration: 1 }
$data merge entity $(bone_dorsal_fin) { transformation: [-0.9995151376773006f,-0.03113662720859117f,1.2246467991473532e-16f,-0.015624999999999962f,-0.03113662720859117f,0.9995151376773006f,0f,0.5f,-1.2240530140558322e-16f,-3.813137084724556e-18f,-1f,-0.3125f,0f,0f,0f,1f], start_interpolation: 0, interpolation_duration: 1 }
$data merge entity $(bone_upper_jaw) { transformation: [-0.9991823429863266f,-0.04043074899571958f,1.2246467991473532e-16f,-0.014529800420336615f,-0.04043074899571958f,0.9991823429863266f,0f,0.4840811545107111f,-1.2236454581027577e-16f,-4.9513387344738045e-18f,-1f,-0.859375f,0f,0f,0f,1f], start_interpolation: 0, interpolation_duration: 1 }
$data merge entity $(bone_lower_jaw) { transformation: [-0.9991823429863266f,-0.04043074899571958f,1.2246467991473532e-16f,0.02427541323468351f,-0.04043074899571958f,0.9991823429863266f,0f,0.29799792610689113f,-1.2236454581027577e-16f,-4.9513387344738045e-18f,-1f,-0.859375f,0f,0f,0f,1f], start_interpolation: 0, interpolation_duration: 1 }
$data merge entity $(bone_neck) { transformation: [-0.9991823429863266f,-0.04043074899571958f,1.2246467991473532e-16f,0.02427541323468351f,-0.04043074899571958f,0.9991823429863266f,0f,0.29799792610689113f,-1.2236454581027577e-16f,-4.9513387344738045e-18f,-1f,-0.859375f,0f,0f,0f,1f], start_interpolation: 0, interpolation_duration: 1 }
$data merge entity $(bone_upper_body) { transformation: [-0.9991823429863266f,-0.04043074899571958f,1.2246467991473532e-16f,3.061616997868383e-17f,-0.04043074899571958f,0.9991823429863266f,0f,0.125f,-1.2236454581027577e-16f,-4.9513387344738045e-18f,-1f,-0.25f,0f,0f,0f,1f], start_interpolation: 0, interpolation_duration: 1 }