# This file was generated by Animated Java via MC-Build. It is not recommended to edit this file directly.
$data merge entity $(bone_tail_4) { transformation: [-0.9984155903645436f,0f,0.05626996460830199f,0.0707418239286643f,0f,1f,0f,0.328125f,-0.05626996460830199f,0f,-0.9984155903645436f,1.121630260874718f,0f,0f,0f,1f], start_interpolation: 0, interpolation_duration: 1 }
$data merge entity $(bone_tail_3) { transformation: [-0.9999197813365812f,0f,0.012666131682696521f,0.07469999007950695f,0f,1f,0f,0.015625f,-0.012666131682696521f,0f,-0.9999197813365812f,0.8091553292070364f,0f,0f,0f,1f], start_interpolation: 0, interpolation_duration: 1 }
$data merge entity $(bone_tail_2) { transformation: [-0.9972187107991048f,0f,-0.0745308180028316f,0.02490420086632703f,0f,1f,0f,0.015625f,0.0745308180028316f,0f,-0.9972187107991048f,0.5621797395698487f,0f,0f,0f,1f], start_interpolation: 0, interpolation_duration: 1 }
$data merge entity $(bone_tail_1) { transformation: [-0.9970369782714328f,0f,-0.0769237541944637f,-0.030291877890425156f,0f,1f,0f,0.015625f,0.0769237541944637f,0f,-0.9970369782714328f,0.2530095511786029f,0f,0f,0f,1f], start_interpolation: 0, interpolation_duration: 1 }
$data merge entity $(bone_tail_entire) { transformation: [-0.9914448613738104f,0f,-0.13052619222005146f,-0.015625000000000014f,0f,1f,0f,0.125f,0.13052619222005146f,0f,-0.9914448613738104f,0.125f,0f,0f,0f,1f], start_interpolation: 0, interpolation_duration: 1 }
$data merge entity $(bone_dorsal_fin) { transformation: [-0.9988097885014997f,-0.0487750591346579f,1.2246467991473532e-16f,-0.015624999999999962f,-0.0487750591346579f,0.9988097885014997f,0f,0.5f,-1.2231892104454064e-16f,-5.973222004748167e-18f,-1f,-0.3125f,0f,0f,0f,1f], start_interpolation: 0, interpolation_duration: 1 }
$data merge entity $(bone_upper_jaw) { transformation: [-0.998734449853445f,-0.050294121683718676f,1.2246467991473532e-16f,-0.018074449980086293f,-0.050294121683718676f,0.998734449853445f,0f,0.4839201929160818f,-1.2230969472112141e-16f,-6.159253513589357e-18f,-1f,-0.859375f,0f,0f,0f,1f], start_interpolation: 0, interpolation_duration: 1 }
$data merge entity $(bone_lower_jaw) { transformation: [-0.998734449853445f,-0.050294121683718676f,1.2246467991473532e-16f,0.022566149393531115f,-0.050294121683718676f,0.998734449853445f,0f,0.29822917487117706f,-1.2230969472112141e-16f,-6.159253513589357e-18f,-1f,-0.859375f,0f,0f,0f,1f], start_interpolation: 0, interpolation_duration: 1 }
$data merge entity $(bone_neck) { transformation: [-0.998734449853445f,-0.050294121683718676f,1.2246467991473532e-16f,0.022566149393531115f,-0.050294121683718676f,0.998734449853445f,0f,0.29822917487117706f,-1.2230969472112141e-16f,-6.159253513589357e-18f,-1f,-0.859375f,0f,0f,0f,1f], start_interpolation: 0, interpolation_duration: 1 }
$data merge entity $(bone_upper_body) { transformation: [-0.998734449853445f,-0.050294121683718676f,1.2246467991473532e-16f,3.061616997868383e-17f,-0.050294121683718676f,0.998734449853445f,0f,0.125f,-1.2230969472112141e-16f,-6.159253513589357e-18f,-1f,-0.25f,0f,0f,0f,1f], start_interpolation: 0, interpolation_duration: 1 }