# This file was generated by Animated Java via MC-Build. It is not recommended to edit this file directly.
$data merge entity $(bone_tail_4) { transformation: [-0.9999999942897847f,0f,-0.00010686641656295487f,0.0886937364492546f,0f,1f,0f,0.328125f,0.00010686641656295487f,0f,-0.9999999942897847f,1.1207457516680734f,0f,0f,0f,1f], start_interpolation: 0, interpolation_duration: 1 }
$data merge entity $(bone_tail_3) { transformation: [-0.9990435544294568f,0f,-0.043726151819673945f,0.0750293140056065f,0f,1f,0f,0.015625f,0.043726151819673945f,0f,-0.9990435544294568f,0.8085446409088681f,0f,0f,0f,1f], start_interpolation: 0, interpolation_duration: 1 }
$data merge entity $(bone_tail_2) { transformation: [-0.9961853783813488f,0f,-0.08726220200756418f,0.022082970429298313f,0f,1f,0f,0.015625f,0.08726220200756418f,0f,-0.9961853783813488f,0.5622252401262673f,0f,0f,0f,1f], start_interpolation: 0, interpolation_duration: 1 }
$data merge entity $(bone_tail_1) { transformation: [-0.9973512625216094f,0f,-0.07273554252600051f,-0.031814113563877144f,0f,1f,0f,0.015625f,0.07273554252600051f,0f,-0.9973512625216094f,0.25282595629220184f,0f,0f,0f,1f], start_interpolation: 0, interpolation_duration: 1 }
$data merge entity $(bone_tail_entire) { transformation: [-0.9929278846732883f,0f,-0.11871906265730506f,-0.015625000000000014f,0f,1f,0f,0.125f,0.11871906265730506f,0f,-0.9929278846732883f,0.125f,0f,0f,0f,1f], start_interpolation: 0, interpolation_duration: 1 }
$data merge entity $(bone_dorsal_fin) { transformation: [-0.9977931984113739f,-0.06639829217683701f,1.2246467991473532e-16f,-0.015624999999999962f,-0.06639829217683701f,0.9977931984113739f,0f,0.5f,-1.221944246645489e-16f,-8.13144559832142e-18f,-1f,-0.3125f,0f,0f,0f,1f], start_interpolation: 0, interpolation_duration: 1 }
$data merge entity $(bone_upper_jaw) { transformation: [-0.9981891933658666f,-0.06015259136230486f,1.2246467991473532e-16f,-0.021617337520828197f,-0.06015259136230486f,0.9981891933658666f,0f,0.48372424136585834f,-1.222429200598987e-16f,-7.366567847226537e-18f,-1f,-0.859375f,0f,0f,0f,1f], start_interpolation: 0, interpolation_duration: 1 }
$data merge entity $(bone_lower_jaw) { transformation: [-0.9981891933658666f,-0.06015259136230486f,1.2246467991473532e-16f,0.020854685652287295f,-0.06015259136230486f,0.9981891933658666f,0f,0.2984435360898303f,-1.222429200598987e-16f,-7.366567847226537e-18f,-1f,-0.859375f,0f,0f,0f,1f], start_interpolation: 0, interpolation_duration: 1 }
$data merge entity $(bone_neck) { transformation: [-0.9981891933658666f,-0.06015259136230486f,1.2246467991473532e-16f,0.020854685652287295f,-0.06015259136230486f,0.9981891933658666f,0f,0.2984435360898303f,-1.222429200598987e-16f,-7.366567847226537e-18f,-1f,-0.859375f,0f,0f,0f,1f], start_interpolation: 0, interpolation_duration: 1 }
$data merge entity $(bone_upper_body) { transformation: [-0.9981891933658666f,-0.06015259136230486f,1.2246467991473532e-16f,3.061616997868383e-17f,-0.06015259136230486f,0.9981891933658666f,0f,0.125f,-1.222429200598987e-16f,-7.366567847226537e-18f,-1f,-0.25f,0f,0f,0f,1f], start_interpolation: 0, interpolation_duration: 1 }