# This file was generated by Animated Java via MC-Build. It is not recommended to edit this file directly.
$data merge entity $(bone_tail_4) { transformation: [-0.9984035408209841f,0f,-0.05648335751459464f,0.10659488764520149f,0f,1f,0f,0.328125f,0.05648335751459464f,0f,-0.9984035408209841f,1.1188044278718403f,0f,0f,0f,1f], start_interpolation: 0, interpolation_duration: 1 }
$data merge entity $(bone_tail_3) { transformation: [-0.99498951242711f,0f,-0.09997934866792159f,0.07535134118647599f,0f,1f,0f,0.015625f,0.09997934866792159f,0f,-0.99498951242711f,0.8078702052383684f,0f,0f,0f,1f], start_interpolation: 0, interpolation_duration: 1 }
$data merge entity $(bone_tail_2) { transformation: [-0.99498951242711f,0f,-0.09997934866792153f,0.019263081756148416f,0f,1f,0f,0.015625f,0.09997934866792153f,0f,-0.99498951242711f,0.5622471817774635f,0f,0f,0f,1f], start_interpolation: 0, interpolation_duration: 1 }
$data merge entity $(bone_tail_1) { transformation: [-0.9976479536036582f,0f,-0.06854604781045384f,-0.03333405673473273f,0f,1f,0f,0.015625f,0.06854604781045384f,0f,-0.9976479536036582f,0.25262426027039697f,0f,0f,0f,1f], start_interpolation: 0, interpolation_duration: 1 }
$data merge entity $(bone_tail_entire) { transformation: [-0.9942703017718973f,0f,-0.10689512156511263f,-0.015625000000000014f,0f,1f,0f,0.125f,0.10689512156511263f,0f,-0.9942703017718973f,0.125f,0f,0f,0f,1f], start_interpolation: 0, interpolation_duration: 1 }
$data merge entity $(bone_dorsal_fin) { transformation: [-0.9964656841883892f,-0.08400083472778883f,1.2246467991473532e-16f,-0.015624999999999962f,-0.08400083472778883f,0.9964656841883892f,0f,0.5f,-1.220318510601488e-16f,-1.0287135337509241e-17f,-1f,-0.3125f,0f,0f,0f,1f], start_interpolation: 0, interpolation_duration: 1 }
$data merge entity $(bone_upper_jaw) { transformation: [-0.9975466266788633f,-0.07000519696151578f,1.2246467991473532e-16f,-0.025158117658044626f,-0.07000519696151578f,0.9975466266788633f,0f,0.48349331896271647f,-1.2216422833625096e-16f,-8.573164038260032e-18f,-1f,-0.859375f,0f,0f,0f,1f], start_interpolation: 0, interpolation_duration: 1 }
$data merge entity $(bone_lower_jaw) { transformation: [-0.9975466266788633f,-0.07000519696151578f,1.2246467991473532e-16f,0.01914118885595406f,-0.07000519696151578f,0.9975466266788633f,0f,0.29864098886547696f,-1.2216422833625096e-16f,-8.573164038260032e-18f,-1f,-0.859375f,0f,0f,0f,1f], start_interpolation: 0, interpolation_duration: 1 }
$data merge entity $(bone_neck) { transformation: [-0.9975466266788633f,-0.07000519696151578f,1.2246467991473532e-16f,0.01914118885595406f,-0.07000519696151578f,0.9975466266788633f,0f,0.29864098886547696f,-1.2216422833625096e-16f,-8.573164038260032e-18f,-1f,-0.859375f,0f,0f,0f,1f], start_interpolation: 0, interpolation_duration: 1 }
$data merge entity $(bone_upper_body) { transformation: [-0.9975466266788633f,-0.07000519696151578f,1.2246467991473532e-16f,3.061616997868383e-17f,-0.07000519696151578f,0.9975466266788633f,0f,0.125f,-1.2216422833625096e-16f,-8.573164038260032e-18f,-1f,-0.25f,0f,0f,0f,1f], start_interpolation: 0, interpolation_duration: 1 }