# This file was generated by Animated Java via MC-Build. It is not recommended to edit this file directly.
$data merge entity $(bone_tail_4) { transformation: [-0.9936313080489922f,0f,-0.1126801831062097f,0.12438908637393038f,0f,1f,0f,0.328125f,0.1126801831062097f,0f,-0.9936313080489922f,1.115810457511342f,0f,0f,0f,1f], start_interpolation: 0, interpolation_duration: 1 }
$data merge entity $(bone_tail_3) { transformation: [-0.987770550659094f,0f,-0.1559145254638914f,0.07566579716646432f,0f,1f,0f,0.015625f,0.1559145254638914f,0f,-0.987770550659094f,0.8071321604303751f,0f,0f,0f,1f], start_interpolation: 0, interpolation_duration: 1 }
$data merge entity $(bone_tail_2) { transformation: [-0.9936313080489922f,0f,-0.11268018310620971f,0.01644477301338089f,0f,1f,0f,0.015625f,0.11268018310620971f,0f,-0.9936313080489922f,0.5622455891401961f,0f,0f,0f,1f], start_interpolation: 0, interpolation_duration: 1 }
$data merge entity $(bone_tail_1) { transformation: [-0.9979270462839807f,0f,-0.06435534395005628f,-0.03485149216738609f,0f,1f,0f,0.015625f,0.06435534395005628f,0f,-0.9979270462839807f,0.2524044916748913f,0f,0f,0f,1f], start_interpolation: 0, interpolation_duration: 1 }
$data merge entity $(bone_tail_entire) { transformation: [-0.9954719225730846f,0f,-0.09505604330418253f,-0.015625000000000014f,0f,1f,0f,0.125f,0.09505604330418253f,0f,-0.9954719225730846f,0.125f,0f,0f,0f,1f], start_interpolation: 0, interpolation_duration: 1 }
$data merge entity $(bone_dorsal_fin) { transformation: [-0.99482765950164f,-0.10157720162757483f,1.2246467991473532e-16f,-0.015624999999999962f,-0.10157720162757483f,0.99482765950164f,0f,0.5f,-1.2183125089119364e-16f,-1.2439619483955483e-17f,-1f,-0.3125f,0f,0f,0f,1f], start_interpolation: 0, interpolation_duration: 1 }
$data merge entity $(bone_upper_jaw) { transformation: [-0.9968068124341591f,-0.07985097798305907f,1.2246467991473532e-16f,-0.028696445212661747f,-0.07985097798305907f,0.9968068124341591f,0f,0.4832274482185259f,-1.220736272215769e-16f,-9.778924459573907e-18f,-1f,-0.859375f,0f,0f,0f,1f], start_interpolation: 0, interpolation_duration: 1 }
$data merge entity $(bone_lower_jaw) { transformation: [-0.9968068124341591f,-0.07985097798305907f,1.2246467991473532e-16f,0.0174258260477293f,-0.07985097798305907f,0.9968068124341591f,0f,0.29882151394909173f,-1.220736272215769e-16f,-9.778924459573907e-18f,-1f,-0.859375f,0f,0f,0f,1f], start_interpolation: 0, interpolation_duration: 1 }
$data merge entity $(bone_neck) { transformation: [-0.9968068124341591f,-0.07985097798305907f,1.2246467991473532e-16f,0.0174258260477293f,-0.07985097798305907f,0.9968068124341591f,0f,0.29882151394909173f,-1.220736272215769e-16f,-9.778924459573907e-18f,-1f,-0.859375f,0f,0f,0f,1f], start_interpolation: 0, interpolation_duration: 1 }
$data merge entity $(bone_upper_body) { transformation: [-0.9968068124341591f,-0.07985097798305907f,1.2246467991473532e-16f,3.061616997868383e-17f,-0.07985097798305907f,0.9968068124341591f,0f,0.125f,-1.220736272215769e-16f,-9.778924459573907e-18f,-1f,-0.25f,0f,0f,0f,1f], start_interpolation: 0, interpolation_duration: 1 }