# This file was generated by Animated Java via MC-Build. It is not recommended to edit this file directly.
$data merge entity $(bone_tail_4) { transformation: [-0.9957561729738859f,0.0020267662080892877f,-0.09200834855130671f,0.11067956751867644f,0.0020295043368517723f,0.9999979385184332f,0.00006380462798341966f,0.3279973983582553f,0.09200828819485608f,-0.000123197490232654f,-0.9957582335716993f,1.1178703981615785f,0f,0f,0f,1f], start_interpolation: 0, interpolation_duration: 1 }
$data merge entity $(bone_tail_3) { transformation: [-0.9907950859424131f,0.0020267662080892877f,-0.13535505122123911f,0.06774774957201132f,0.0020247895796407208f,0.9999979385184332f,0.00015226963594429426f,0.015545626832477528f,0.13535508080424868f,-0.000123197490232654f,-0.9907971472117054f,0.8082847888736182f,0f,0f,0f,1f], start_interpolation: 0, interpolation_duration: 1 }
$data merge entity $(bone_tail_2) { transformation: [-0.9957561729738857f,0.0020267662080892877f,-0.09200834855130671f,0.013628282028750709f,0.0020295043368517723f,0.9999979385184332f,0.00006380462798341967f,0.015625f,0.0920082881948561f,-0.000123197490232654f,-0.9957582335716992f,0.5622204894867826f,0f,0f,0f,1f], start_interpolation: 0, interpolation_duration: 1 }
$data merge entity $(bone_tail_1) { transformation: [-0.998188535639412f,0f,-0.060163504868369494f,-0.036366204981346385f,0f,1f,0f,0.015625f,0.060163504868369494f,0f,-0.998188535639412f,0.25216668162660283f,0f,0f,0f,1f], start_interpolation: 0, interpolation_duration: 1 }
$data merge entity $(bone_tail_entire) { transformation: [-0.9965325769181324f,0f,-0.08320350437876213f,-0.015625000000000014f,0f,1f,0f,0.125f,0.08320350437876213f,0f,-0.9965325769181324f,0.125f,0f,0f,0f,1f], start_interpolation: 0, interpolation_duration: 1 }
$data merge entity $(bone_dorsal_fin) { transformation: [-0.996509270146551f,-0.0834821808051775f,1.2246467991473532e-16f,-0.015624999999999962f,-0.0834821808051775f,0.996509270146551f,0f,0.5f,-1.2203718880056388e-16f,-1.0223618550890124e-17f,-1f,-0.3125f,0f,0f,0f,1f], start_interpolation: 0, interpolation_duration: 1 }
$data merge entity $(bone_upper_jaw) { transformation: [-0.9979212459786554f,-0.06444522344136806f,1.2246467991473532e-16f,-0.02316000217424154f,-0.06444522344136806f,0.9979212459786554f,0f,0.4836279477735793f,-1.2221010596888988e-16f,-7.892263660780737e-18f,-1f,-0.859375f,0f,0f,0f,1f], start_interpolation: 0, interpolation_duration: 1 }
$data merge entity $(bone_lower_jaw) { transformation: [-0.9979212459786554f,-0.06444522344136806f,1.2246467991473532e-16f,0.020108516157847953f,-0.06444522344136806f,0.9979212459786554f,0f,0.2985316273851242f,-1.2221010596888988e-16f,-7.892263660780737e-18f,-1f,-0.859375f,0f,0f,0f,1f], start_interpolation: 0, interpolation_duration: 1 }
$data merge entity $(bone_neck) { transformation: [-0.9979212459786554f,-0.06444522344136806f,1.2246467991473532e-16f,0.020108516157847953f,-0.06444522344136806f,0.9979212459786554f,0f,0.2985316273851242f,-1.2221010596888988e-16f,-7.892263660780737e-18f,-1f,-0.859375f,0f,0f,0f,1f], start_interpolation: 0, interpolation_duration: 1 }
$data merge entity $(bone_upper_body) { transformation: [-0.9979212459786554f,-0.06444522344136806f,1.2246467991473532e-16f,3.061616997868383e-17f,-0.06444522344136806f,0.9979212459786554f,0f,0.125f,-1.2221010596888988e-16f,-7.892263660780737e-18f,-1f,-0.25f,0f,0f,0f,1f], start_interpolation: 0, interpolation_duration: 1 }