# This file was generated by Animated Java via MC-Build. It is not recommended to edit this file directly.
$data merge entity $(bone_tail_4) { transformation: [-0.99744690502162f,0.004054557455293898f,-0.07129678973581649f,0.09693060678001392f,0.004060592558292673f,0.999991753942548f,0.000060290812156607896f,0.32790628376518677f,0.0712964462709541f,-0.0002293703298445655f,-0.997455143922966f,1.119672219152537f,0f,0f,0f,1f], start_interpolation: 0, interpolation_duration: 1 }
$data merge entity $(bone_tail_3) { transformation: [-0.9933876342947862f,0.004054557455293898f,-0.11473695391655667f,0.059808259476310605f,0.004054097925640791f,0.999991753942548f,0.00023735398839575374f,0.015483033779514202f,0.114736970154426f,-0.0002293703298445655f,-0.9933958803362505f,0.8093076847755352f,0f,0f,0f,1f], start_interpolation: 0, interpolation_duration: 1 }
$data merge entity $(bone_tail_2) { transformation: [-0.9974469050216199f,0.004054557455293898f,-0.07129678973581649f,0.01081384626043086f,0.0040605925582926725f,0.999991753942548f,0.000060290812156607876f,0.015625f,0.0712964462709541f,-0.0002293703298445655f,-0.9974551439229659f,0.562171912740761f,0f,0f,0f,1f], start_interpolation: 0, interpolation_duration: 1 }
$data merge entity $(bone_tail_1) { transformation: [-0.9984324170573085f,0f,-0.055970604508980414f,-0.03787798068166641f,0f,1f,0f,0.015625f,0.055970604508980414f,0f,-0.9984324170573085f,0.2519108638012577f,0f,0f,0f,1f], start_interpolation: 0, interpolation_duration: 1 }
$data merge entity $(bone_tail_entire) { transformation: [-0.9974521146102535f,0f,-0.07133918319923221f,-0.015625000000000014f,0f,1f,0f,0.125f,0.07133918319923221f,0f,-0.9974521146102535f,0.125f,0f,0f,0f,1f], start_interpolation: 0, interpolation_duration: 1 }
$data merge entity $(bone_dorsal_fin) { transformation: [-0.9978617760385767f,-0.06535958935869543f,1.2246467991473532e-16f,-0.015624999999999962f,-0.06535958935869543f,0.9978617760385767f,0f,0.5f,-1.222028230017136e-16f,-8.004241190171177e-18f,-1f,-0.3125f,0f,0f,0f,1f], start_interpolation: 0, interpolation_duration: 1 }
$data merge entity $(bone_upper_jaw) { transformation: [-0.9987975962355722f,-0.049024093607561034f,1.2246467991473532e-16f,-0.017618033640217138f,-0.049024093607561034f,0.9987975962355722f,0f,0.48394288614715875f,-1.223174279225964e-16f,-6.003719931759984e-18f,-1f,-0.859375f,0f,0f,0f,1f], start_interpolation: 0, interpolation_duration: 1 }
$data merge entity $(bone_lower_jaw) { transformation: [-0.9987975962355722f,-0.049024093607561034f,1.2246467991473532e-16f,0.022786408793562186f,-0.049024093607561034f,0.9987975962355722f,0f,0.29820033977822524f,-1.223174279225964e-16f,-6.003719931759984e-18f,-1f,-0.859375f,0f,0f,0f,1f], start_interpolation: 0, interpolation_duration: 1 }
$data merge entity $(bone_neck) { transformation: [-0.9987975962355722f,-0.049024093607561034f,1.2246467991473532e-16f,0.022786408793562186f,-0.049024093607561034f,0.9987975962355722f,0f,0.29820033977822524f,-1.223174279225964e-16f,-6.003719931759984e-18f,-1f,-0.859375f,0f,0f,0f,1f], start_interpolation: 0, interpolation_duration: 1 }
$data merge entity $(bone_upper_body) { transformation: [-0.9987975962355722f,-0.049024093607561034f,1.2246467991473532e-16f,3.061616997868383e-17f,-0.049024093607561034f,0.9987975962355722f,0f,0.125f,-1.223174279225964e-16f,-6.003719931759984e-18f,-1f,-0.25f,0f,0f,0f,1f], start_interpolation: 0, interpolation_duration: 1 }