# This file was generated by Animated Java via MC-Build. It is not recommended to edit this file directly.
$data merge entity $(bone_tail_4) { transformation: [-0.9454704609804992f,0.012560293979691193f,0.32546558409218374f,-0.15486016020413867f,0.012321979570346649f,0.9999201790974258f,-0.0027936093570608525f,0.3286800909864734f,-0.3254746936902937f,0.0013691051514150654f,-0.9455497603607617f,1.1147369776231781f,0f,0f,0f,1f], start_interpolation: 0, interpolation_duration: 1 }
$data merge entity $(bone_tail_3) { transformation: [-0.9587671919873493f,0.012560293979691193f,0.28391497069340554f,-0.07006182373110295f,0.012432107304815867f,0.9999201790974258f,-0.002253473259979375f,0.015500824624784268f,-0.28392061263081114f,0.0013691051514150654f,-0.9588468132472617f,0.8146695031235918f,0f,0f,0f,1f], start_interpolation: 0, interpolation_duration: 1 }
$data merge entity $(bone_tail_2) { transformation: [-0.9811792039065292f,0.012560293979691193f,0.19269044822329268f,-0.052551061797358814f,0.012588715036437392f,0.9999201790974258f,-0.0010768878786917469f,0.015625f,-0.19268859352613757f,0.0013691051514150654f,-0.9812590032585705f,0.5633332337612573f,0f,0f,0f,1f], start_interpolation: 0, interpolation_duration: 1 }
$data merge entity $(bone_tail_1) { transformation: [-0.9940563382223196f,0f,0.10886687485196471f,-0.04959442397556733f,0f,1f,0f,0.015625f,-0.10886687485196471f,0f,-0.9940563382223196f,0.24928853822765862f,0f,0f,0f,1f], start_interpolation: 0, interpolation_duration: 1 }
$data merge entity $(bone_tail_entire) { transformation: [-0.9997620270799091f,0f,0.021814885034561242f,-0.015625000000000014f,0f,1f,0f,0.125f,-0.021814885034561242f,0f,-0.9997620270799091f,0.125f,0f,0f,0f,1f], start_interpolation: 0, interpolation_duration: 1 }
$data merge entity $(bone_dorsal_fin) { transformation: [-0.996917333733128f,0.07845909572784494f,1.2246467991473532e-16f,-0.015624999999999962f,0.07845909572784494f,0.996917333733128f,0f,0.5f,-1.220871621770789e-16f,9.608468044710109e-18f,-1f,-0.3125f,0f,0f,0f,1f], start_interpolation: 0, interpolation_duration: 1 }
$data merge entity $(bone_upper_jaw) { transformation: [-0.9981347984218669f,0.06104853953485686f,1.2246467991473532e-16f,0.021939318895339288f,0.06104853953485686f,0.9981347984218669f,0f,0.4837046931828584f,-1.2223625860049279e-16f,7.476289853398309e-18f,-1f,-0.859375f,0f,0f,0f,1f], start_interpolation: 0, interpolation_duration: 1 }
$data merge entity $(bone_lower_jaw) { transformation: [-0.9981347984218669f,0.06104853953485686f,1.2246467991473532e-16f,0.04168443018323697f,0.06104853953485686f,0.9981347984218669f,0f,0.29464665161829406f,-1.2223625860049279e-16f,7.476289853398309e-18f,-1f,-0.859375f,0f,0f,0f,1f], start_interpolation: 0, interpolation_duration: 1 }
$data merge entity $(bone_neck) { transformation: [-0.9981347984218669f,0.06104853953485686f,1.2246467991473532e-16f,0.04168443018323697f,0.06104853953485686f,0.9981347984218669f,0f,0.29464665161829406f,-1.2223625860049279e-16f,7.476289853398309e-18f,-1f,-0.859375f,0f,0f,0f,1f], start_interpolation: 0, interpolation_duration: 1 }
$data merge entity $(bone_upper_body) { transformation: [-0.9981347984218669f,0.06104853953485686f,1.2246467991473532e-16f,3.061616997868383e-17f,0.06104853953485686f,0.9981347984218669f,0f,0.125f,-1.2223625860049279e-16f,7.476289853398309e-18f,-1f,-0.25f,0f,0f,0f,1f], start_interpolation: 0, interpolation_duration: 1 }