# This file was generated by Animated Java via MC-Build. It is not recommended to edit this file directly.
$data merge entity $(bone_tail_4) { transformation: [-0.9987027689748225f,0.006083258183187507f,-0.05055465568965365f,0.08314751571453641f,0.006091581701002644f,0.9999814460882384f,-0.000010566727603187654f,0.3278517459089866f,0.050553653422900705f,-0.0003185108356158896f,-0.9987212957960019f,1.121215133812322f,0f,0f,0f,1f], start_interpolation: 0, interpolation_duration: 1 }
$data merge entity $(bone_tail_3) { transformation: [-0.9955470621235251f,0.006083258183187507f,-0.09406934180217807f,0.051849828219109655f,0.006086244779191787f,0.9999814460882384f,0.0002551543914637222f,0.015437279753744464f,0.09406914861795065f,-0.0003185108356158896f,-0.9955656150295377f,0.8102004137517212f,0f,0f,0f,1f], start_interpolation: 0, interpolation_duration: 1 }
$data merge entity $(bone_tail_2) { transformation: [-0.9987027689748224f,0.006083258183187507f,-0.050554655689653664f,0.008001702766233042f,0.0060915817010026435f,0.9999814460882384f,-0.000010566727603187624f,0.015625f,0.0505536534229007f,-0.0003185108356158896f,-0.9987212957960018f,0.5620998914721864f,0f,0f,0f,1f], start_interpolation: 0, interpolation_duration: 1 }
$data merge entity $(bone_tail_1) { transformation: [-0.9986586862356285f,0f,-0.051776716834196684f,-0.03938660518931681f,0f,1f,0f,0.015625f,0.051776716834196684f,0f,-0.9986586862356285f,0.25163707442462113f,0f,0f,0f,1f], start_interpolation: 0, interpolation_duration: 1 }
$data merge entity $(bone_tail_entire) { transformation: [-0.9982304054358614f,0f,-0.059464759844430976f,-0.015625000000000014f,0f,1f,0f,0.125f,0.059464759844430976f,0f,-0.9982304054358614f,0.125f,0f,0f,0f,1f], start_interpolation: 0, interpolation_duration: 1 }
$data merge entity $(bone_dorsal_fin) { transformation: [-0.9988847305023771f,-0.04721541241155721f,1.2246467991473532e-16f,-0.015624999999999962f,-0.04721541241155721f,0.9988847305023771f,0f,0.5f,-1.2232809879269027e-16f,-5.782220368023575e-18f,-1f,-0.3125f,0f,0f,0f,1f], start_interpolation: 0, interpolation_duration: 1 }
$data merge entity $(bone_upper_jaw) { transformation: [-0.9994356541259355f,-0.033591267642998454f,1.2246467991473532e-16f,-0.012071861809202465f,-0.033591267642998454f,0.9994356541259355f,0f,0.4841721882015081f,-1.223955674779068e-16f,-4.1137438398300115e-18f,-1f,-0.859375f,0f,0f,0f,1f], start_interpolation: 0, interpolation_duration: 1 }
$data merge entity $(bone_lower_jaw) { transformation: [-0.9994356541259355f,-0.033591267642998454f,1.2246467991473532e-16f,0.02545886506529523f,-0.033591267642998454f,0.9994356541259355f,0f,0.2978277301667389f,-1.223955674779068e-16f,-4.1137438398300115e-18f,-1f,-0.859375f,0f,0f,0f,1f], start_interpolation: 0, interpolation_duration: 1 }
$data merge entity $(bone_neck) { transformation: [-0.9994356541259355f,-0.033591267642998454f,1.2246467991473532e-16f,0.02545886506529523f,-0.033591267642998454f,0.9994356541259355f,0f,0.2978277301667389f,-1.223955674779068e-16f,-4.1137438398300115e-18f,-1f,-0.859375f,0f,0f,0f,1f], start_interpolation: 0, interpolation_duration: 1 }
$data merge entity $(bone_upper_body) { transformation: [-0.9994356541259355f,-0.033591267642998454f,1.2246467991473532e-16f,3.061616997868383e-17f,-0.033591267642998454f,0.9994356541259355f,0f,0.125f,-1.223955674779068e-16f,-4.1137438398300115e-18f,-1f,-0.25f,0f,0f,0f,1f], start_interpolation: 0, interpolation_duration: 1 }