# This file was generated by Animated Java via MC-Build. It is not recommended to edit this file directly.
$data merge entity $(bone_tail_4) { transformation: [-0.9995232228795493f,0.00811275275686782f,-0.029791108861285977f,0.06933562164166934f,0.008120788559163282f,0.9999670147884488f,-0.00014875569073367705f,0.32783385336610094f,0.02978891937711775f,-0.0003906120634293174f,-0.9995561353443635f,1.122498463782524f,0f,0f,0f,1f], start_interpolation: 0, interpolation_duration: 1 }
$data merge entity $(bone_tail_3) { transformation: [-0.9972724283301172f,0.00811275275686782f,-0.07336134496625141f,0.043874966103194586f,0.008119547999971284f,0.9999670147884488f,0.0002056097135964711f,0.015408414280209566f,0.07336059318753885f,-0.0003906120634293174f,-0.9973054049735158f,0.810962590998122f,0f,0f,0f,1f], start_interpolation: 0, interpolation_duration: 1 }
$data merge entity $(bone_tail_2) { transformation: [-0.9995232228795492f,0.00811275275686782f,-0.029791108861285987f,0.005192088172887174f,0.008120788559163282f,0.9999670147884488f,-0.00014875569073367702f,0.015625f,0.029788919377117754f,-0.0003906120634293174f,-0.9995561353443635f,0.5620044608925661f,0f,0f,0f,1f], start_interpolation: 0, interpolation_duration: 1 }
$data merge entity $(bone_tail_1) { transformation: [-0.998867339183008f,0f,-0.04758191582374216f,-0.040891864871501246f,0f,1f,0f,0.015625f,0.04758191582374216f,0f,-0.998867339183008f,0.2513453522673679f,0f,0f,0f,1f], start_interpolation: 0, interpolation_duration: 1 }
$data merge entity $(bone_tail_entire) { transformation: [-0.998867339183008f,0f,-0.04758191582374216f,-0.015625000000000014f,0f,1f,0f,0.125f,0.04758191582374216f,0f,-0.998867339183008f,0.125f,0f,0f,0f,1f], start_interpolation: 0, interpolation_duration: 1 }
$data merge entity $(bone_dorsal_fin) { transformation: [-0.9995777956994731f,-0.02905564221596704f,1.2246467991473532e-16f,-0.015624999999999962f,-0.02905564221596704f,0.9995777956994731f,0f,0.5f,-1.2241297480021268e-16f,-3.5582899236954745e-18f,-1f,-0.3125f,0f,0f,0f,1f], start_interpolation: 0, interpolation_duration: 1 }
$data merge entity $(bone_upper_jaw) { transformation: [-0.9998352674223817f,-0.018150427499494762f,1.2246467991473532e-16f,-0.00652280988263082f,-0.018150427499494762f,0.9998352674223817f,0f,0.4843157992299184f,-1.2244450599234578e-16f,-2.2227862940412357e-18f,-1f,-0.859375f,0f,0f,0f,1f], start_interpolation: 0, interpolation_duration: 1 }
$data merge entity $(bone_lower_jaw) { transformation: [-0.9998352674223817f,-0.018150427499494762f,1.2246467991473532e-16f,0.028125247380473874f,-0.018150427499494762f,0.9998352674223817f,0f,0.29741388744758107f,-1.2244450599234578e-16f,-2.2227862940412357e-18f,-1f,-0.859375f,0f,0f,0f,1f], start_interpolation: 0, interpolation_duration: 1 }
$data merge entity $(bone_neck) { transformation: [-0.9998352674223817f,-0.018150427499494762f,1.2246467991473532e-16f,0.028125247380473874f,-0.018150427499494762f,0.9998352674223817f,0f,0.29741388744758107f,-1.2244450599234578e-16f,-2.2227862940412357e-18f,-1f,-0.859375f,0f,0f,0f,1f], start_interpolation: 0, interpolation_duration: 1 }
$data merge entity $(bone_upper_body) { transformation: [-0.9998352674223817f,-0.018150427499494762f,1.2246467991473532e-16f,3.061616997868383e-17f,-0.018150427499494762f,0.9998352674223817f,0f,0.125f,-1.2244450599234578e-16f,-2.2227862940412357e-18f,-1f,-0.25f,0f,0f,0f,1f], start_interpolation: 0, interpolation_duration: 1 }