# This file was generated by Animated Java via MC-Build. It is not recommended to edit this file directly.
$data merge entity $(bone_tail_4) { transformation: [-0.9990532549210787f,0.010149462069868128f,0.04230345436592949f,0.029024825603742775f,0.010129507939135684f,0.9999484598933699f,-0.0006860217115453378f,0.32795647301385183f,-0.04230823679272107f,-0.00025685904701335227f,-0.9991045726664055f,1.125372852590306f,0f,0f,0f,1f], start_interpolation: 0, interpolation_duration: 1 }
$data merge entity $(bone_tail_3) { transformation: [-0.9999476283573493f,0.010149462069868128f,-0.0013149000739511706f,0.025442212433799245f,0.01014979073886974f,0.9999484598933699f,-0.0002435258402685063f,0.01539647747208988f,0.001312360647582323f,-0.00025685904701335227f,-0.9999991058660804f,0.8129534004593475f,0f,0f,0f,1f], start_interpolation: 0, interpolation_duration: 1 }
$data merge entity $(bone_tail_2) { transformation: [-0.9999024795236624f,0.010149462069868128f,0.009592698375541137f,-0.0034065654574299206f,0.010146530474924404f,0.9999484598933699f,-0.0003542261977250717f,0.015625f,-0.009595799172201942f,-0.00025685904701335227f,-0.9999539262694439f,0.5626650501678552f,0f,0f,0f,1f], start_interpolation: 0, interpolation_duration: 1 }
$data merge entity $(bone_tail_1) { transformation: [-0.9996927038089853f,0f,-0.02478906918543281f,-0.04239354657190846f,0f,1f,0f,0.015625f,0.02478906918543281f,0f,-0.9996927038089853f,0.25103573863959205f,0f,0f,0f,1f], start_interpolation: 0, interpolation_duration: 1 }
$data merge entity $(bone_tail_entire) { transformation: [-0.9993628256569916f,0f,-0.035692333838980315f,-0.015625000000000014f,0f,1f,0f,0.125f,0.035692333838980315f,0f,-0.9993628256569916f,0.125f,0f,0f,0f,1f], start_interpolation: 0, interpolation_duration: 1 }
$data merge entity $(bone_dorsal_fin) { transformation: [-0.9999407427398211f,-0.010886276173917759f,1.2246467991473532e-16f,-0.015624999999999962f,-0.010886276173917759f,0.9999407427398211f,0f,0.5f,-1.224574229933349e-16f,-1.333184327102248e-18f,-1f,-0.3125f,0f,0f,0f,1f], start_interpolation: 0, interpolation_duration: 1 }
$data merge entity $(bone_upper_jaw) { transformation: [-0.9999963407854765f,-0.0027052570408810698f,1.2246467991473532e-16f,-0.0009722017490665265f,-0.0027052570408810698f,0.9999963407854765f,0f,0.4843736849697806f,-1.2246423179019997e-16f,-3.3129843759858427e-19f,-1f,-0.859375f,0f,0f,0f,1f], start_interpolation: 0, interpolation_duration: 1 }
$data merge entity $(bone_lower_jaw) { transformation: [-0.9999963407854765f,-0.0027052570408810698f,1.2246467991473532e-16f,0.030784919595644816f,-0.0027052570408810698f,0.9999963407854765f,0f,0.2969589103550313f,-1.2246423179019997e-16f,-3.3129843759858427e-19f,-1f,-0.859375f,0f,0f,0f,1f], start_interpolation: 0, interpolation_duration: 1 }
$data merge entity $(bone_neck) { transformation: [-0.9999963407854765f,-0.0027052570408810698f,1.2246467991473532e-16f,0.030784919595644816f,-0.0027052570408810698f,0.9999963407854765f,0f,0.2969589103550313f,-1.2246423179019997e-16f,-3.3129843759858427e-19f,-1f,-0.859375f,0f,0f,0f,1f], start_interpolation: 0, interpolation_duration: 1 }
$data merge entity $(bone_upper_body) { transformation: [-0.9999963407854765f,-0.0027052570408810698f,1.2246467991473532e-16f,3.061616997868383e-17f,-0.0027052570408810698f,0.9999963407854765f,0f,0.125f,-1.2246423179019997e-16f,-3.3129843759858427e-19f,-1f,-0.25f,0f,0f,0f,1f], start_interpolation: 0, interpolation_duration: 1 }