# This file was generated by Animated Java via MC-Build. It is not recommended to edit this file directly.
$data merge entity $(bone_tail_4) { transformation: [-0.9933858549716076f,0.012183227296422386f,0.11417579478581293f,-0.011349524727217258f,0.01210007475716652f,0.9999257812706318f,-0.001421316709106695f,0.3281571085583225f,-0.11418463702792658f,-0.000030380261894146144f,-0.9934595450967495f,1.1260835458448342f,0f,0f,0f,1f], start_interpolation: 0, interpolation_duration: 1 }
$data merge entity $(bone_tail_3) { transformation: [-0.9974206499744653f,0.012183227296422386f,0.07073624231720951f,0.006948292466778722f,0.01215055513125809f,0.9999257812706318f,-0.0008921660825552519f,0.015401500010451489f,-0.07074186182535439f,-0.000030380261894146144f,-0.9974946556561204f,0.8143759597841385f,0f,0f,0f,1f], start_interpolation: 0, interpolation_duration: 1 }
$data merge entity $(bone_tail_2) { transformation: [-0.9987263938637586f,0.012183227296422386f,0.04896079219677891f,-0.012021709292269006f,0.012167126128695456f,0.9999257812706318f,-0.000626890807892889f,0.015625f,-0.0489647959421958f,-0.000030380261894146144f,-0.9988005045229896f,0.5631456837801975f,0f,0f,0f,1f], start_interpolation: 0, interpolation_duration: 1 }
$data merge entity $(bone_tail_1) { transformation: [-0.9999980332042876f,0f,-0.0019833273951804023f,-0.04389143764089687f,0f,1f,0f,0.015625f,0.0019833273951804023f,0f,-0.9999980332042876f,0.250708277384957f,0f,0f,0f,1f], start_interpolation: 0, interpolation_duration: 1 }
$data merge entity $(bone_tail_entire) { transformation: [-0.999716794693129f,0f,-0.02379769754610742f,-0.015625000000000014f,0f,1f,0f,0.125f,0.02379769754610742f,0f,-0.999716794693129f,0.125f,0f,0f,0f,1f], start_interpolation: 0, interpolation_duration: 1 }
$data merge entity $(bone_dorsal_fin) { transformation: [-0.9999734517574052f,0.007286685143496549f,1.2246467991473532e-16f,-0.015624999999999962f,0.007286685143496549f,0.9999734517574052f,0f,0.5f,-1.2246142869270364e-16f,8.92361563737762e-19f,-1f,-0.3125f,0f,0f,0f,1f], start_interpolation: 0, interpolation_duration: 1 }
$data merge entity $(bone_upper_jaw) { transformation: [-0.9999188357864599f,0.01274055883588819f,1.2246467991473532e-16f,0.004578638331647424f,0.01274055883588819f,0.9999188357864599f,0f,0.48434583161075906f,-1.224547401653036e-16f,1.5602684597719e-18f,-1f,-0.859375f,0f,0f,0f,1f], start_interpolation: 0, interpolation_duration: 1 }
$data merge entity $(bone_lower_jaw) { transformation: [-0.9999188357864599f,0.01274055883588819f,1.2246467991473532e-16f,0.03343724716824526f,0.01274055883588819f,0.9999188357864599f,0f,0.2964629074371763f,-1.224547401653036e-16f,1.5602684597719e-18f,-1f,-0.859375f,0f,0f,0f,1f], start_interpolation: 0, interpolation_duration: 1 }
$data merge entity $(bone_neck) { transformation: [-0.9999188357864599f,0.01274055883588819f,1.2246467991473532e-16f,0.03343724716824526f,0.01274055883588819f,0.9999188357864599f,0f,0.2964629074371763f,-1.224547401653036e-16f,1.5602684597719e-18f,-1f,-0.859375f,0f,0f,0f,1f], start_interpolation: 0, interpolation_duration: 1 }
$data merge entity $(bone_upper_body) { transformation: [-0.9999188357864599f,0.01274055883588819f,1.2246467991473532e-16f,3.061616997868383e-17f,0.01274055883588819f,0.9999188357864599f,0f,0.125f,-1.224547401653036e-16f,1.5602684597719e-18f,-1f,-0.25f,0f,0f,0f,1f], start_interpolation: 0, interpolation_duration: 1 }