# This file was generated by Animated Java via MC-Build. It is not recommended to edit this file directly.
$data merge entity $(bone_tail_4) { transformation: [-0.982550619102364f,0.01421086961600411f,0.185451697447929f,-0.051651896780468415f,0.014017865662612043f,0.9998989788054996f,-0.002351940897223907f,0.3284351376479417f,-0.1854663860213657f,0.00028873599706892263f,-0.9826505667263913f,1.1246328049938688f,0f,0f,0f,1f], start_interpolation: 0, interpolation_duration: 1 }
$data merge entity $(bone_tail_3) { transformation: [-0.9897047380569103f,0.01421086961600411f,0.14241693246401352f,-0.011587502140465472f,0.014107113981662336f,0.9998989788054996f,-0.001738251658264466f,0.015423503128015435f,-0.14242724740305432f,0.00028873599706892263f,-0.9898052312595207f,0.8152284402261846f,0f,0f,0f,1f], start_interpolation: 0, interpolation_duration: 1 }
$data merge entity $(bone_tail_2) { transformation: [-0.9959968143660928f,0.01421086961600411f,0.0882518949221592f,-0.020649428858866073f,0.014180896328944167f,0.9998989788054996f,-0.0009666245531797625f,0.015625f,-0.0882567161858101f,0.00028873599706892263f,-0.9960977204469557f,0.5634459877336391f,0f,0f,0f,1f], start_interpolation: 0, interpolation_duration: 1 }
$data merge entity $(bone_tail_1) { transformation: [-0.999783168538064f,0f,0.020823446112234325f,-0.04538532596560735f,0f,1f,0f,0.015625f,-0.020823446112234325f,0f,-0.999783168538064f,0.25036301487448676f,0f,0f,0f,1f], start_interpolation: 0, interpolation_duration: 1 }
$data merge entity $(bone_tail_entire) { transformation: [-0.9999291961666908f,0f,-0.01189969131681406f,-0.015625000000000014f,0f,1f,0f,0.125f,0.01189969131681406f,0f,-0.9999291961666908f,0.125f,0f,0f,0f,1f], start_interpolation: 0, interpolation_duration: 1 }
$data merge entity $(bone_dorsal_fin) { transformation: [-0.9996759119498239f,0.025457239977815065f,1.2246467991473532e-16f,-0.015624999999999962f,0.025457239977815065f,0.9996759119498239f,0f,0.5f,-1.224249905754063e-16f,3.1176127453957257e-18f,-1f,-0.3125f,0f,0f,0f,1f], start_interpolation: 0, interpolation_duration: 1 }
$data merge entity $(bone_upper_jaw) { transformation: [-0.9996027709164154f,0.02818333507987539f,1.2246467991473532e-16f,0.010128386044330324f,0.02818333507987539f,0.9996027709164154f,0f,0.48423224579808677f,-1.224160333821613e-16f,3.451463109486671e-18f,-1f,-0.859375f,0f,0f,0f,1f], start_interpolation: 0, interpolation_duration: 1 }
$data merge entity $(bone_lower_jaw) { transformation: [-0.9996027709164154f,0.02818333507987539f,1.2246467991473532e-16f,0.03608159730799167f,0.02818333507987539f,0.9996027709164154f,0f,0.29592599703001277f,-1.224160333821613e-16f,3.451463109486671e-18f,-1f,-0.859375f,0f,0f,0f,1f], start_interpolation: 0, interpolation_duration: 1 }
$data merge entity $(bone_neck) { transformation: [-0.9996027709164154f,0.02818333507987539f,1.2246467991473532e-16f,0.03608159730799167f,0.02818333507987539f,0.9996027709164154f,0f,0.29592599703001277f,-1.224160333821613e-16f,3.451463109486671e-18f,-1f,-0.859375f,0f,0f,0f,1f], start_interpolation: 0, interpolation_duration: 1 }
$data merge entity $(bone_upper_body) { transformation: [-0.9996027709164154f,0.02818333507987539f,1.2246467991473532e-16f,3.061616997868383e-17f,0.02818333507987539f,0.9996027709164154f,0f,0.125f,-1.224160333821613e-16f,3.451463109486671e-18f,-1f,-0.25f,0f,0f,0f,1f], start_interpolation: 0, interpolation_duration: 1 }