# This file was generated by Animated Java via MC-Build. It is not recommended to edit this file directly.
$data merge entity $(bone_tail_4) { transformation: [-0.9330092409374353f,0.010721883139954175f,0.35969264316536187f,-0.1862189461362634f,0.010552829269395913f,0.9999413558437846f,-0.0024336531603192475f,0.3286171335290969f,-0.35969764263859466f,0.0015251541649673576f,-0.9330676715999816f,1.1099960252400403f,0f,0f,0f,1f], start_interpolation: 0, interpolation_duration: 1 }
$data merge entity $(bone_tail_3) { transformation: [-0.9478107956126753f,0.010721883139954175f,0.31865300397454444f,-0.08999047087545395f,0.0106489397741598f,0.9999413558437846f,-0.001971028914061976f,0.015519513292269872f,-0.31865544997968287f,0.0015251541649673576f,-0.9478693887361376f,0.813310230583445f,0f,0f,0f,1f], start_interpolation: 0, interpolation_duration: 1 }
$data merge entity $(bone_tail_2) { transformation: [-0.9742918002022096f,0.010721883139954175f,0.22503450686654958f,-0.0641784629151356f,0.010790082945047018f,0.9999413558437846f,-0.0009268135372103653f,0.015625f,-0.22503124709421352f,0.0015251541649673576f,-0.9743503536900863f,0.5626904156892292f,0f,0f,0f,1f], start_interpolation: 0, interpolation_duration: 1 }
$data merge entity $(bone_tail_1) { transformation: [-0.989962083714808f,0f,0.1413331978235676f,-0.050948153711358475f,0f,1f,0f,0.015625f,-0.1413331978235676f,0f,-0.989962083714808f,0.2489106020963652f,0f,0f,0f,1f], start_interpolation: 0, interpolation_duration: 1 }
$data merge entity $(bone_tail_entire) { transformation: [-0.9994645874763657f,0f,0.03271908282177626f,-0.015625000000000014f,0f,1f,0f,0.125f,-0.03271908282177626f,0f,-0.9994645874763657f,0.125f,0f,0f,0f,1f], start_interpolation: 0, interpolation_duration: 1 }
$data merge entity $(bone_dorsal_fin) { transformation: [-0.9953961983671789f,0.09584575252022398f,1.2246467991473532e-16f,-0.015624999999999962f,0.09584575252022398f,0.9953961983671789f,0f,0.5f,-1.2190087682138094e-16f,1.1737719403576166e-17f,-1f,-0.3125f,0f,0f,0f,1f], start_interpolation: 0, interpolation_duration: 1 }
$data merge entity $(bone_upper_jaw) { transformation: [-0.9975640502598242f,0.0697564737441253f,1.2246467991473532e-16f,0.025068732751795136f,0.0697564737441253f,0.9975640502598242f,0f,0.4834995805621243f,-1.221663621095163e-16f,8.542704229054943e-18f,-1f,-0.859375f,0f,0f,0f,1f], start_interpolation: 0, interpolation_duration: 1 }
$data merge entity $(bone_lower_jaw) { transformation: [-0.9975640502598242f,0.0697564737441253f,1.2246467991473532e-16f,0.04316327049539115f,0.0697564737441253f,0.9975640502598242f,0f,0.29427643133390335f,-1.221663621095163e-16f,8.542704229054943e-18f,-1f,-0.859375f,0f,0f,0f,1f], start_interpolation: 0, interpolation_duration: 1 }
$data merge entity $(bone_neck) { transformation: [-0.9975640502598242f,0.0697564737441253f,1.2246467991473532e-16f,0.04316327049539115f,0.0697564737441253f,0.9975640502598242f,0f,0.29427643133390335f,-1.221663621095163e-16f,8.542704229054943e-18f,-1f,-0.859375f,0f,0f,0f,1f], start_interpolation: 0, interpolation_duration: 1 }
$data merge entity $(bone_upper_body) { transformation: [-0.9975640502598242f,0.0697564737441253f,1.2246467991473532e-16f,3.061616997868383e-17f,0.0697564737441253f,0.9975640502598242f,0f,0.125f,-1.221663621095163e-16f,8.542704229054943e-18f,-1f,-0.25f,0f,0f,0f,1f], start_interpolation: 0, interpolation_duration: 1 }