# This file was generated by Animated Java via MC-Build. It is not recommended to edit this file directly.
$data merge entity $(bone_tail_4) { transformation: [-0.9193065693551032f,0.008888588693832777f,0.3934417676500331f,-0.21739727692336588f,0.00878650444761864f,0.9999592747554411f,-0.002060623731850292f,0.3285487216589326f,-0.393444060674631f,0.001562632907676953f,-0.9193472299943333f,1.1042000517744495f,0f,0f,0f,1f], start_interpolation: 0, interpolation_duration: 1 }
$data merge entity $(bone_tail_3) { transformation: [-0.935593282071564f,0.008888588693832777f,0.35296770891058965f,-0.10987255185562936f,0.008868024787088268f,0.9999592747554411f,-0.0016754005335664797f,0.015537885631117769f,-0.3529682261605631f,0.001562632907676953f,-0.9356340040312032f,0.8113261027310494f,0f,0f,0f,1f], start_interpolation: 0, interpolation_duration: 1 }
$data merge entity $(bone_tail_2) { transformation: [-0.9663353704431986f,0.008888588693832777f,0.25713215439037984f,-0.07578749358438436f,0.008991521403765758f,0.9999592747554411f,-0.0007754826999417976f,0.015625f,-0.25712857556726726f,0.001562632907676953f,-0.9663759381344014f,0.561696850210972f,0f,0f,0f,1f], start_interpolation: 0, interpolation_duration: 1 }
$data merge entity $(bone_tail_1) { transformation: [-0.9848077530122081f,0f,0.17364817766693047f,-0.05229768034510009f,0f,1f,0f,0.015625f,-0.17364817766693047f,0f,-0.9848077530122081f,0.24851792184256546f,0f,0f,0f,1f], start_interpolation: 0, interpolation_duration: 1 }
$data merge entity $(bone_tail_entire) { transformation: [-0.9990482215818578f,0f,0.043619387365336125f,-0.015625000000000014f,0f,1f,0f,0.125f,-0.043619387365336125f,0f,-0.9990482215818578f,0.125f,0f,0f,0f,1f], start_interpolation: 0, interpolation_duration: 1 }
$data merge entity $(bone_dorsal_fin) { transformation: [-0.9935718556765875f,0.11320321376790671f,1.2246467991473532e-16f,-0.015624999999999962f,0.11320321376790671f,0.9935718556765875f,0f,0.5f,-1.2167745927772288e-16f,1.3863395339406054e-17f,-1f,-0.3125f,0f,0f,0f,1f], start_interpolation: 0, interpolation_duration: 1 }
$data merge entity $(bone_upper_jaw) { transformation: [-0.996917333733128f,0.07845909572784494f,1.2246467991473532e-16f,0.028196237527194377f,0.07845909572784494f,0.996917333733128f,0f,0.4832671668103429f,-1.220871621770789e-16f,9.608468044710109e-18f,-1f,-0.859375f,0f,0f,0f,1f], start_interpolation: 0, interpolation_duration: 1 }
$data merge entity $(bone_lower_jaw) { transformation: [-0.996917333733128f,0.07845909572784494f,1.2246467991473532e-16f,0.0446388237573837f,0.07845909572784494f,0.996917333733128f,0f,0.29389331999388624f,-1.220871621770789e-16f,9.608468044710109e-18f,-1f,-0.859375f,0f,0f,0f,1f], start_interpolation: 0, interpolation_duration: 1 }
$data merge entity $(bone_neck) { transformation: [-0.996917333733128f,0.07845909572784494f,1.2246467991473532e-16f,0.0446388237573837f,0.07845909572784494f,0.996917333733128f,0f,0.29389331999388624f,-1.220871621770789e-16f,9.608468044710109e-18f,-1f,-0.859375f,0f,0f,0f,1f], start_interpolation: 0, interpolation_duration: 1 }
$data merge entity $(bone_upper_body) { transformation: [-0.996917333733128f,0.07845909572784494f,1.2246467991473532e-16f,3.061616997868383e-17f,0.07845909572784494f,0.996917333733128f,0f,0.125f,-1.220871621770789e-16f,9.608468044710109e-18f,-1f,-0.25f,0f,0f,0f,1f], start_interpolation: 0, interpolation_duration: 1 }