# This file was generated by Animated Java via MC-Build. It is not recommended to edit this file directly.
$data merge entity $(bone_tail_4) { transformation: [-0.9256725927066115f,0.007134669858319098f,0.3782583080354382f,-0.200301817239471f,0.007023083419673684f,0.9999739357705467f,-0.001674538396928852f,0.3284748596275459f,-0.3782603963027321f,0.0011064653520456034f,-0.9256985731453435f,1.107317466693478f,0f,0f,0f,1f], start_interpolation: 0, interpolation_duration: 1 }
$data merge entity $(bone_tail_3) { transformation: [-0.941290953172962f,0.007134669858319098f,0.3375210185466225f,-0.09705608327437618f,0.007089441339439794f,0.9999739357705467f,-0.0013666020112404896f,0.015555941570737397f,-0.33752197157552766f,0.0011064653520456034f,-0.9413169999730131f,0.812810133779397f,0f,0f,0f,1f], start_interpolation: 0, interpolation_duration: 1 }
$data merge entity $(bone_tail_2) { transformation: [-0.9712555157103671f,0.007134669858319098f,0.23793238469826186f,-0.06792472196575967f,0.00719303692896168f,0.9999739357705467f,-0.0006228958990697998f,0.015625f,-0.23793062733058867f,0.0011064653520456034f,-0.9712815206275147f,0.5625544215184375f,0f,0f,0f,1f], start_interpolation: 0, interpolation_duration: 1 }
$data merge entity $(bone_tail_1) { transformation: [-0.988109162180885f,0f,0.15375397105177335f,-0.05075501733023315f,0f,1f,0f,0.015625f,-0.15375397105177335f,0f,-0.988109162180885f,0.24896549674154306f,0f,0f,0f,1f], start_interpolation: 0, interpolation_duration: 1 }
$data merge entity $(bone_tail_entire) { transformation: [-0.9995143610285276f,0f,0.031161548384733218f,-0.015625000000000014f,0f,1f,0f,0.125f,-0.031161548384733218f,0f,-0.9995143610285276f,0.125f,0f,0f,0f,1f], start_interpolation: 0, interpolation_duration: 1 }
$data merge entity $(bone_dorsal_fin) { transformation: [-0.9914448613738104f,0.13052619222005157f,1.2246467991473532e-16f,-0.015624999999999962f,0.13052619222005157f,0.9914448613738104f,0f,0.5f,-1.2141697760125282e-16f,1.5984848350717833e-17f,-1f,-0.3125f,0f,0f,0f,1f], start_interpolation: 0, interpolation_duration: 1 }
$data merge entity $(bone_upper_jaw) { transformation: [-0.9961946980917455f,0.08715574274765818f,1.2246467991473532e-16f,0.03132159504993976f,0.08715574274765818f,0.9961946980917455f,0f,0.4830074696267211f,-1.2199866483456202e-16f,1.0673500138322974e-17f,-1f,-0.859375f,0f,0f,0f,1f], start_interpolation: 0, interpolation_duration: 1 }
$data merge entity $(bone_lower_jaw) { transformation: [-0.9961946980917455f,0.08715574274765818f,1.2246467991473532e-16f,0.0461109776001209f,0.08715574274765818f,0.9961946980917455f,0f,0.29349734677365447f,-1.2199866483456202e-16f,1.0673500138322974e-17f,-1f,-0.859375f,0f,0f,0f,1f], start_interpolation: 0, interpolation_duration: 1 }
$data merge entity $(bone_neck) { transformation: [-0.9961946980917455f,0.08715574274765818f,1.2246467991473532e-16f,0.0461109776001209f,0.08715574274765818f,0.9961946980917455f,0f,0.29349734677365447f,-1.2199866483456202e-16f,1.0673500138322974e-17f,-1f,-0.859375f,0f,0f,0f,1f], start_interpolation: 0, interpolation_duration: 1 }
$data merge entity $(bone_upper_body) { transformation: [-0.9961946980917455f,0.08715574274765818f,1.2246467991473532e-16f,3.061616997868383e-17f,0.08715574274765818f,0.9961946980917455f,0f,0.125f,-1.2199866483456202e-16f,1.0673500138322974e-17f,-1f,-0.25f,0f,0f,0f,1f], start_interpolation: 0, interpolation_duration: 1 }