# This file was generated by Animated Java via MC-Build. It is not recommended to edit this file directly.
$data merge entity $(bone_tail_4) { transformation: [-0.9317847047739461f,0.0053666697776413985f,0.36297171075006357f,-0.1831581675228326f,0.005262644400571807f,0.9999853388378674f,-0.0012754149240776173f,0.32839555183169983f,-0.36297323389368974f,0.0007217789226488444f,-0.9317992866019718f,1.1101324684362825f,0f,0f,0f,1f], start_interpolation: 0, interpolation_duration: 1 }
$data merge entity $(bone_tail_3) { transformation: [-0.9467304558554529f,0.0053666697776413985f,0.3219823641307455f,-0.08421576303748758f,0.005313268346833858f,0.9999853388378674f,-0.0010446476870041455f,0.015573681042677397f,-0.3219832497742713f,0.0007217789226488444f,-0.9467450902434013f,0.8140490718218919f,0f,0f,0f,1f], start_interpolation: 0, interpolation_duration: 1 }
$data merge entity $(bone_tail_2) { transformation: [-0.9757910781595768f,0.0053666697776413985f,0.21863890467999586f,-0.060049508059975394f,0.005394636036393553f,0.9999853388378674f,-0.00046905367525877943f,0.015625f,-0.218638216435749f,0.0007217789226488444f,-0.9758057231585503f,0.5632651967686372f,0f,0f,0f,1f], start_interpolation: 0, interpolation_duration: 1 }
$data merge entity $(bone_tail_1) { transformation: [-0.9910087283413882f,0f,0.13379723596242443f,-0.04920689458238614f,0f,1f,0f,0.015625f,-0.13379723596242443f,0f,-0.9910087283413882f,0.24939380553812762f,0f,0f,0f,1f], start_interpolation: 0, interpolation_duration: 1 }
$data merge entity $(bone_tail_entire) { transformation: [-0.9998251609127464f,0f,0.01869886643090239f,-0.015625000000000014f,0f,1f,0f,0.125f,-0.01869886643090239f,0f,-0.9998251609127464f,0.125f,0f,0f,0f,1f], start_interpolation: 0, interpolation_duration: 1 }
$data merge entity $(bone_dorsal_fin) { transformation: [-0.9940563382223196f,0.10886687485196457f,1.2246467991473532e-16f,-0.015624999999999962f,0.10886687485196457f,0.9940563382223196f,0f,0.5f,-1.2173679127761025e-16f,1.3332346982063389e-17f,-1f,-0.3125f,0f,0f,0f,1f], start_interpolation: 0, interpolation_duration: 1 }
$data merge entity $(bone_upper_jaw) { transformation: [-0.9977126814864458f,0.06759737569703468f,1.2246467991473532e-16f,0.024292806891121944f,0.06759737569703468f,0.9977126814864458f,0f,0.48355299490919146f,-1.2218456418510985e-16f,8.278290977813461e-18f,-1f,-0.859375f,0f,0f,0f,1f], start_interpolation: 0, interpolation_duration: 1 }
$data merge entity $(bone_lower_jaw) { transformation: [-0.9977126814864458f,0.06759737569703468f,1.2246467991473532e-16f,0.04279682024437937f,0.06759737569703468f,0.9977126814864458f,0f,0.29436944913995056f,-1.2218456418510985e-16f,8.278290977813461e-18f,-1f,-0.859375f,0f,0f,0f,1f], start_interpolation: 0, interpolation_duration: 1 }
$data merge entity $(bone_neck) { transformation: [-0.9977126814864458f,0.06759737569703468f,1.2246467991473532e-16f,0.04279682024437937f,0.06759737569703468f,0.9977126814864458f,0f,0.29436944913995056f,-1.2218456418510985e-16f,8.278290977813461e-18f,-1f,-0.859375f,0f,0f,0f,1f], start_interpolation: 0, interpolation_duration: 1 }
$data merge entity $(bone_upper_body) { transformation: [-0.9977126814864458f,0.06759737569703468f,1.2246467991473532e-16f,3.061616997868383e-17f,0.06759737569703468f,0.9977126814864458f,0f,0.125f,-1.2218456418510985e-16f,8.278290977813461e-18f,-1f,-0.25f,0f,0f,0f,1f], start_interpolation: 0, interpolation_duration: 1 }