# This file was generated by Animated Java via MC-Build. It is not recommended to edit this file directly.
$data merge entity $(bone_tail_4) { transformation: [-0.9432405254279871f,0.0017971447687211753f,0.332105527597803f,-0.1487478512261903f,0.0017510247359221868f,0.9999983709772913f,-0.0004381268515322754f,0.3282206172588168f,-0.33210577396773616f,0.00016826599211682832f,-0.9432421357126953f,1.1148523697519954f,0f,0f,0f,1f], start_interpolation: 0, interpolation_duration: 1 }
$data merge entity $(bone_tail_3) { transformation: [-0.9568290091072255f,0.0017971447687211753f,0.29064586286676325f,-0.058482626820552164f,0.0017684689732210442f,0.9999983709772913f,-0.0003613312256081034f,0.01560821032041079f,-0.29064603876257433f,0.00016826599211682832f,-0.956830628605805f,0.8157902151901448f,0f,0f,0f,1f], start_interpolation: 0, interpolation_duration: 1 }
$data merge entity $(bone_tail_2) { transformation: [-0.9837013385062984f,0.0017971447687211753f,0.17980113150811167f,-0.044273010771846075f,0.0017981110577957099f,0.9999983709772913f,-0.00015760516386762575f,0.015625f,-0.17980112184728117f,0.00016826599211682832f,-0.9837029675003603f,0.5642456882573272f,0f,0f,0f,1f], start_interpolation: 0, interpolation_duration: 1 }
$data merge entity $(bone_tail_1) { transformation: [-0.9955977787705665f,0f,0.09372866641062362f,-0.0460952331051064f,0f,1f,0f,0.015625f,-0.09372866641062362f,0f,-0.9955977787705665f,0.2501923615661933f,0f,0f,0f,1f], start_interpolation: 0, interpolation_duration: 1 }
$data merge entity $(bone_tail_entire) { transformation: [-0.9999805729315382f,0f,-0.006233278392033452f,-0.015625000000000014f,0f,1f,0f,0.125f,0.006233278392033452f,0f,-0.9999805729315382f,0.125f,0f,0f,0f,1f], start_interpolation: 0, interpolation_duration: 1 }
$data merge entity $(bone_dorsal_fin) { transformation: [-0.9978589232386035f,0.06540312923014306f,1.2246467991473532e-16f,-0.015624999999999962f,0.06540312923014306f,0.9978589232386035f,0f,0.5f,-1.2220247363447802e-16f,8.00957328659154e-18f,-1f,-0.3125f,0f,0f,0f,1f], start_interpolation: 0, interpolation_duration: 1 }
$data merge entity $(bone_upper_jaw) { transformation: [-0.9995963505906357f,0.028410137026824673f,1.2246467991473532e-16f,0.010209892994015219f,0.028410137026824673f,0.9995963505906357f,0f,0.4842299384935097f,-1.2241524711901974e-16f,3.479238337323854e-18f,-1f,-0.859375f,0f,0f,0f,1f], start_interpolation: 0, interpolation_duration: 1 }
$data merge entity $(bone_lower_jaw) { transformation: [-0.9995963505906357f,0.028410137026824673f,1.2246467991473532e-16f,0.03612037825744296f,0.028410137026824673f,0.9995963505906357f,0f,0.29591780597567724f,-1.2241524711901974e-16f,3.479238337323854e-18f,-1f,-0.859375f,0f,0f,0f,1f], start_interpolation: 0, interpolation_duration: 1 }
$data merge entity $(bone_neck) { transformation: [-0.9995963505906357f,0.028410137026824673f,1.2246467991473532e-16f,0.03612037825744296f,0.028410137026824673f,0.9995963505906357f,0f,0.29591780597567724f,-1.2241524711901974e-16f,3.479238337323854e-18f,-1f,-0.859375f,0f,0f,0f,1f], start_interpolation: 0, interpolation_duration: 1 }
$data merge entity $(bone_upper_body) { transformation: [-0.9995963505906357f,0.028410137026824673f,1.2246467991473532e-16f,3.061616997868383e-17f,0.028410137026824673f,0.9995963505906357f,0f,0.125f,-1.2241524711901974e-16f,3.479238337323854e-18f,-1f,-0.25f,0f,0f,0f,1f], start_interpolation: 0, interpolation_duration: 1 }