# This file was generated by Animated Java via MC-Build. It is not recommended to edit this file directly.
$data merge entity $(bone_tail_4) { transformation: [-0.9485810907170733f,0f,0.3165342230059927f,-0.13149198750421426f,0f,1f,0f,0.328125f,-0.3165342230059927f,0f,-0.9485810907170733f,1.1167560778091319f,0f,0f,0f,1f], start_interpolation: 0, interpolation_duration: 1 }
$data merge entity $(bone_tail_3) { transformation: [-0.9614852805947549f,0f,0.27485642652051123f,-0.04559935421655452f,0f,1f,0f,0.015625f,-0.27485642652051123f,0f,-0.9614852805947549f,0.816291927623271f,0f,0f,0f,1f], start_interpolation: 0, interpolation_duration: 1 }
$data merge entity $(bone_tail_2) { transformation: [-0.9870728748733522f,0f,0.16027208019257583f,-0.03637736150820282f,0f,1f,0f,0.015625f,-0.16027208019257583f,0f,-0.9870728748733522f,0.564515206398915f,0f,0f,0f,1f], start_interpolation: 0, interpolation_duration: 1 }
$data merge entity $(bone_tail_1) { transformation: [-0.9972853967699066f,0f,0.07363312698432584f,-0.044532177974660574f,0f,1f,0f,0.015625f,-0.07363312698432584f,0f,-0.9972853967699066f,0.250562484690059f,0f,0f,0f,1f], start_interpolation: 0, interpolation_duration: 1 }
$data merge entity $(bone_tail_entire) { transformation: [-0.9998251609127464f,0f,-0.018698866430902142f,-0.015625000000000014f,0f,1f,0f,0.125f,0.018698866430902142f,0f,-0.9998251609127464f,0.125f,0f,0f,0f,1f], start_interpolation: 0, interpolation_duration: 1 }
$data merge entity $(bone_dorsal_fin) { transformation: [-0.9990482215818578f,0.043619387365336f,1.2246467991473532e-16f,-0.015624999999999962f,0.043619387365336f,0.9990482215818578f,0f,0.5f,-1.223481206754078e-16f,5.341834311772723e-18f,-1f,-0.3125f,0f,0f,0f,1f], start_interpolation: 0, interpolation_duration: 1 }
$data merge entity $(bone_upper_jaw) { transformation: [-0.9999613114002183f,0.008796345988859356f,1.2246467991473532e-16f,0.0031611868397464354f,0.008796345988859356f,0.9999613114002183f,0f,0.48436109628445345f,-1.224599419277467e-16f,1.077241695944927e-18f,-1f,-0.859375f,0f,0f,0f,1f], start_interpolation: 0, interpolation_duration: 1 }
$data merge entity $(bone_lower_jaw) { transformation: [-0.9999613114002183f,0.008796345988859356f,1.2246467991473532e-16f,0.03276066294809213f,0.008796345988859356f,0.9999613114002183f,0f,0.29659346458476066f,-1.224599419277467e-16f,1.077241695944927e-18f,-1f,-0.859375f,0f,0f,0f,1f], start_interpolation: 0, interpolation_duration: 1 }
$data merge entity $(bone_neck) { transformation: [-0.9999613114002183f,0.008796345988859356f,1.2246467991473532e-16f,0.03276066294809213f,0.008796345988859356f,0.9999613114002183f,0f,0.29659346458476066f,-1.224599419277467e-16f,1.077241695944927e-18f,-1f,-0.859375f,0f,0f,0f,1f], start_interpolation: 0, interpolation_duration: 1 }
$data merge entity $(bone_upper_body) { transformation: [-0.9999613114002183f,0.008796345988859356f,1.2246467991473532e-16f,3.061616997868383e-17f,0.008796345988859356f,0.9999613114002183f,0f,0.125f,-1.224599419277467e-16f,1.077241695944927e-18f,-1f,-0.25f,0f,0f,0f,1f], start_interpolation: 0, interpolation_duration: 1 }