
$data merge entity $(bone_fin) {transformation: [-0.9985f,-0.0393f,-0.0393f,0.0057f,-0.0392f,0.9992f,-0.0033f,0.16f,0.0394f,-0.0017f,-0.9992f,1.4298f,0f,0f,0f,1f],start_interpolation: 0,interpolation_duration: 1}
$data merge entity $(bone_tail) {transformation: [-0.9985f,-0.0393f,-0.0393f,-0.0013f,-0.0392f,0.9992f,-0.0033f,0.1896f,0.0394f,-0.0017f,-0.9992f,1.2808f,0f,0f,0f,1f],start_interpolation: 0,interpolation_duration: 1}
$data merge entity $(bone_body_seg_3) {transformation: [-0.9989f,-0.0393f,-0.0262f,-0.0087f,-0.0392f,0.9992f,-0.0027f,0.1889f,0.0263f,-0.0017f,-0.9997f,0.9997f,0f,0f,0f,1f],start_interpolation: 0,interpolation_duration: 1}
$data merge entity $(bone_body_seg_2) {transformation: [-0.9991f,-0.0393f,-0.0131f,-0.0081f,-0.0392f,0.9992f,-0.0022f,0.0902f,0.0132f,-0.0017f,-0.9999f,0.7498f,0f,0f,0f,1f],start_interpolation: 0,interpolation_duration: 1}
$data merge entity $(bone_body_seg_1) {transformation: [-0.9992f,-0.0393f,0f,-0.012f,-0.0393f,0.9992f,-0.0017f,0.1879f,0.0001f,-0.0017f,-1f,0.4997f,0f,0f,0f,1f],start_interpolation: 0,interpolation_duration: 1}
$data merge entity $(bone_bottom_jaw) {transformation: [-0.9989f,-0.0453f,-0.0132f,0.0376f,-0.0392f,0.9522f,-0.3031f,0.0941f,0.0263f,-0.3022f,-0.9529f,-0.6259f,0f,0f,0f,1f],start_interpolation: 0,interpolation_duration: 1}
$data merge entity $(bone_top_jaw) {transformation: [-0.9989f,-0.0113f,-0.0459f,-0.001f,-0.0392f,0.7386f,0.673f,0.2802f,0.0263f,0.6741f,-0.7382f,-0.6254f,0f,0f,0f,1f],start_interpolation: 0,interpolation_duration: 1}
$data merge entity $(bone_gills) {transformation: [-0.9992f,-0.0393f,0f,-0.001f,-0.0393f,0.9992f,-0.0017f,0.2802f,0.0001f,-0.0017f,-1f,-0.6254f,0f,0f,0f,1f],start_interpolation: 0,interpolation_duration: 1}
$data merge entity $(bone_dorsal_fin_body) {transformation: [-0.9991f,-0.0393f,0.013f,-0.0108f,-0.0393f,0.9992f,-0.0012f,0.4056f,-0.013f,-0.0017f,-0.9999f,-0.2506f,0f,0f,0f,1f],start_interpolation: 0,interpolation_duration: 1}
$data merge entity $(bone_body) {transformation: [-0.9991f,-0.0393f,0.013f,0.0046f,-0.0393f,0.9992f,-0.0012f,0.0622f,-0.013f,-0.0017f,-0.9999f,-0.0417f,0f,0f,0f,1f],start_interpolation: 0,interpolation_duration: 1}