# This file was generated by Animated Java via MC-Build. It is not recommended to edit this file directly.
$data merge entity $(bone_tail_4) { transformation: [-0.956673685777926f,0.01439801151282813f,0.29080604568088775f,-0.12335739412647934f,0.08888363879567487f,0.9655419301199535f,0.2445986098379852f,-0.02811774475140813f,-0.27726369703680653f,0.2598489531337607f,-0.9249883047156707f,1.0921682403313382f,0f,0f,0f,1f], start_interpolation: 0, interpolation_duration: 1 }
$data merge entity $(bone_tail_3) { transformation: [-0.9684479259653342f,0.01439801151282813f,0.24879974268057226f,-0.050106853136559305f,0.07812979975499743f,0.9655419301199535f,0.24824285603110294f,-0.25227370540417393f,-0.23665238026203428f,0.2598489531337607f,-0.936201993413602f,0.7184023195352873f,0f,0f,0f,1f], start_interpolation: 0, interpolation_duration: 1 }
$data merge entity $(bone_tail_2) { transformation: [-0.9869900527195827f,0.01439801151282813f,0.16013535867219286f,-0.04091645261599805f,0.05534349921976113f,0.9655419301199535f,0.25429486482103253f,-0.18697050484829827f,-0.1509560629014538f,0.2598489531337607f,-0.9537771168509868f,0.4752406633568702f,0f,0f,0f,1f], start_interpolation: 0, interpolation_duration: 1 }
$data merge entity $(bone_tail_1) { transformation: [-0.9970861323044666f,-3.169619151431765e-17f,0.07628397450395241f,-0.048236652218027504f,0.01974374543773797f,0.9659258262890683f,0.2580648806480077f,-0.10570823760086656f,-0.07368466110534447f,0.25881904510252074f,-0.9631112462275632f,0.17196575325121471f,0f,0f,0f,1f], start_interpolation: 0, interpolation_duration: 1 }
$data merge entity $(bone_tail_entire) { transformation: [-0.9999405050001497f,-3.169619151431765e-17f,0.01090809149418249f,-0.01562500000000001f,0.00282322182441521f,0.9659258262890683f,0.2588036466634711f,0.0322021298004212f,-0.010536407289754988f,0.25881904510252074f,-0.9658683585321779f,0.07986980422058554f,0f,0f,0f,1f], start_interpolation: 0, interpolation_duration: 1 }
$data merge entity $(bone_dorsal_fin) { transformation: [-0.9981347984218669f,0.061048539534856824f,1.1829179713786698e-16f,-0.015624999999999969f,0.05896836099394746f,0.9641241799135144f,0.25881904510252074f,0.5076576468911747f,0.015800524707315015f,0.2583362954111446f,-0.9659258262890683f,-0.24566560286743658f,0f,0f,0f,1f], start_interpolation: 0, interpolation_duration: 1 }
$data merge entity $(bone_upper_jaw) { transformation: [-0.9986295347545738f,0.049913688602512954f,0.015737725564855178f,0.01880823427480803f,0.05055265177859404f,0.8421289460474062f,0.5369015436998081f,0.6336309921018561f,0.013545542219325909f,0.5369613225542191f,-0.8434981069135891f,-0.7780778079121516f,0f,0f,0f,1f], start_interpolation: 0, interpolation_duration: 1 }
$data merge entity $(bone_lower_jaw) { transformation: [-0.9986295347545738f,0.045324267637740175f,-0.02616797812147179f,0.0402024154403365f,0.05055265177859404f,0.9647794097675633f,-0.25815716121522636f,0.45118833576231016f,0.013545542219325909f,-0.2591262264836477f,-0.9657484750359846f,-0.8269631703433218f,0f,0f,0f,1f], start_interpolation: 0, interpolation_duration: 1 }
$data merge entity $(bone_neck) { transformation: [-0.9986295347545738f,0.05233595624294379f,1.1829179713786698e-16f,0.0402024154403365f,0.05055265177859404f,0.9646020585144796f,0.25881904510252074f,0.45118833576231016f,0.013545542219325909f,0.25846434259635337f,-0.9659258262890683f,-0.8269631703433218f,0f,0f,0f,1f], start_interpolation: 0, interpolation_duration: 1 }
$data merge entity $(bone_upper_body) { transformation: [-0.9986295347545738f,0.05233595624294379f,1.1829179713786698e-16f,3.457819391797354e-17f,0.05055265177859404f,0.9646020585144796f,0.25881904510252074f,0.12925927171386647f,0.013545542219325909f,0.25846434259635337f,-0.9659258262890683f,-0.2823523806378151f,0f,0f,0f,1f], start_interpolation: 0, interpolation_duration: 1 }