# This file was generated by Animated Java via MC-Build. It is not recommended to edit this file directly.
$data merge entity $(bone_tail_4) { transformation: [-0.9587314350229014f,-3.169619151431765e-17f,0.28431327000146867f,-0.1040421538575532f,0.07358568905175525f,0.9659258262890683f,0.2481379545223968f,-0.0290614095670714f,-0.27462553025111563f,0.25881904510252074f,-0.9260634535638003f,1.093323179651432f,0f,0f,0f,1f], start_interpolation: 0, interpolation_duration: 1 }
$data merge entity $(bone_tail_3) { transformation: [-0.9702205057915514f,-3.169619151431765e-17f,0.24222338892350143f,-0.02834734481895898f,0.06269202622267711f,0.9659258262890683f,0.2511115448478541f,-0.25244087251745084f,-0.23396982709247152f,0.25881904510252074f,-0.9371610437393021f,0.7195794018883623f,0f,0f,0f,1f], start_interpolation: 0, interpolation_duration: 1 }
$data merge entity $(bone_tail_2) { transformation: [-0.9923433091122084f,-3.169619151431765e-17f,0.12351014881471012f,-0.028480536025037962f,0.031966778776693475f,0.9659258262890683f,0.25683734767829736f,-0.1872325737611048f,-0.11930164254893469f,0.25881904510252074f,-0.9585300308166382f,0.4762187178545485f,0f,0f,0f,1f], start_interpolation: 0, interpolation_duration: 1 }
$data merge entity $(bone_tail_1) { transformation: [-0.9985674399813748f,-3.169619151431765e-17f,0.053507642529299335f,-0.04296463023404988f,0.013848796945120248f,0.9659258262890683f,0.2584482712864481f,-0.10603471407955475f,-0.051684413822893564f,0.25881904510252074f,-0.9645420795693691f,0.17318418005715522f,0f,0f,0f,1f], start_interpolation: 0, interpolation_duration: 1 }
$data merge entity $(bone_tail_entire) { transformation: [-0.9995143610285276f,-3.169619151431765e-17f,-0.031161548384732958f,-0.01562500000000001f,-0.008065202196852613f,0.9659258262890683f,0.2586933524876597f,0.0322021298004212f,0.030099744371969956f,0.25881904510252074f,-0.9654567350642707f,0.07986980422058554f,0f,0f,0f,1f], start_interpolation: 0, interpolation_duration: 1 }
$data merge entity $(bone_dorsal_fin) { transformation: [-0.9997620270799091f,0.02181488503456109f,1.1829179713786698e-16f,-0.015624999999999969f,0.02107156085240948f,0.9656959620995951f,0.25881904510252074f,0.5076576468911747f,0.005646107713666257f,0.25875745317858256f,-0.9659258262890683f,-0.24566560286743658f,0f,0f,0f,1f], start_interpolation: 0, interpolation_duration: 1 }
$data merge entity $(bone_upper_jaw) { transformation: [-0.9999414531032158f,-0.010320009165814598f,-0.0032538863912012265f,-0.003888735846683703f,-0.010452119334756085f,0.8433375112503667f,0.5372826028445827f,0.6340863977853488f,-0.0028006369349417386f,0.5372851566243526f,-0.8433960024234781f,-0.7779557823270313f,0f,0f,0f,1f], start_interpolation: 0, interpolation_duration: 1 }
$data merge entity $(bone_lower_jaw) { transformation: [-0.9999414531032158f,-0.009371113827715747f,0.005410415091038446f,0.02938834022193117f,-0.010452119334756085f,0.9658768508553751f,-0.2587907691226943f,0.4533125375777945f,-0.0028006369349417386f,-0.2588321680304278f,-0.9659182497631086f,-0.8263939921823021f,0f,0f,0f,1f], start_interpolation: 0, interpolation_duration: 1 }
$data merge entity $(bone_neck) { transformation: [-0.9999414531032158f,-0.010820830182076689f,1.1829179713786698e-16f,0.02938834022193117f,-0.010452119334756085f,0.9658692743294154f,0.25881904510252074f,0.4533125375777945f,-0.0028006369349417386f,0.25880389205060134f,-0.9659258262890683f,-0.8263939921823021f,0f,0f,0f,1f], start_interpolation: 0, interpolation_duration: 1 }
$data merge entity $(bone_upper_body) { transformation: [-0.9999414531032158f,-0.010820830182076689f,1.1829179713786698e-16f,3.457819391797354e-17f,-0.010452119334756085f,0.9658692743294154f,0.25881904510252074f,0.12925927171386647f,-0.0028006369349417386f,0.25880389205060134f,-0.9659258262890683f,-0.2823523806378151f,0f,0f,0f,1f], start_interpolation: 0, interpolation_duration: 1 }