# This file was generated by Animated Java via MC-Build. It is not recommended to edit this file directly.
$data merge entity $(bone_tail_4) { transformation: [-0.9677876565096027f,-3.169619151431765e-17f,0.25176785320539097f,-0.07650776091712828f,0.06516231535413088f,0.9659258262890683f,0.2504818771198218f,-0.02962569457795214f,-0.24318907164044218f,0.25881904510252074f,-0.9348110917863992f,1.0954291199819886f,0f,0f,0f,1f], start_interpolation: 0, interpolation_duration: 1 }
$data merge entity $(bone_tail_3) { transformation: [-0.9778484966198975f,-3.169619151431765e-17f,0.209313921319645f,-0.011097160504739214f,0.05417442924261464f,0.9659258262890683f,0.2530858141500974f,-0.25238819837138055f,-0.20218172240448312f,0.25881904510252074f,-0.9445291170830978f,0.7193828192989828f,0f,0f,0f,1f], start_interpolation: 0, interpolation_duration: 1 }
$data merge entity $(bone_tail_2) { transformation: [-0.9962450865141835f,-3.169619151431765e-17f,0.08657787013057724f,-0.020585351925663138f,0.02240800167420602f,0.9659258262890683f,0.2578472019796792f,-0.18722614782414182f,-0.08362780074422549f,0.25881904510252074f,-0.9622988583776372f,0.47619473593131645f,0f,0f,0f,1f], start_interpolation: 0, interpolation_duration: 1 }
$data merge entity $(bone_tail_1) { transformation: [-0.9994433870252286f,-3.169619151431765e-17f,0.03336039765259346f,-0.041392833503766074f,0.008634306264684583f,0.9659258262890683f,0.25867498306389874f,-0.10612039354590205f,-0.03222366966791324f,0.25881904510252074f,-0.9653881794414891f,0.17350394017872878f,0f,0f,0f,1f], start_interpolation: 0, interpolation_duration: 1 }
$data merge entity $(bone_tail_entire) { transformation: [-0.9990482215818578f,-3.169619151431765e-17f,-0.04361938736533588f,-0.01562500000000001f,-0.011289528185853222f,0.9659258262890683f,0.258572706721188f,0.0322021298004212f,0.042133092783085f,0.25881904510252074f,-0.9650064789340802f,0.07986980422058554f,0f,0f,0f,1f], start_interpolation: 0, interpolation_duration: 1 }
$data merge entity $(bone_dorsal_fin) { transformation: [-0.9999913311602591f,0.004163844897814754f,1.1829179713786698e-16f,-0.015624999999999969f,0.004021965323461268f,0.9659174528328786f,0.25881904510252074f,0.5076576468911747f,0.0010776823604073033f,0.25881680144169683f,-0.9659258262890683f,-0.24566560286743658f,0f,0f,0f,1f], start_interpolation: 0, interpolation_duration: 1 }
$data merge entity $(bone_upper_jaw) { transformation: [-0.9997858740293456f,-0.01973539949565689f,-0.0062225475590233946f,-0.007436597607064981f,-0.019988039480719717f,0.8431941887218093f,0.5372374134249096f,0.6340323916846289f,-0.005355779037140367f,0.5372467534685685f,-0.8434081108919861f,-0.7779702532181055f,0f,0f,0f,1f], start_interpolation: 0, interpolation_duration: 1 }
$data merge entity $(bone_lower_jaw) { transformation: [-0.9997858740293456f,-0.017920785935139943f,0.01034657058374284f,0.027686674925255592f,-0.019988039480719717f,0.9657467064235623f,-0.2587156301999536f,0.4535847060776637f,-0.005355779037140367f,-0.2588670401258315f,-0.96589811634944f,-0.826321064852557f,0f,0f,0f,1f], start_interpolation: 0, interpolation_duration: 1 }
$data merge entity $(bone_neck) { transformation: [-0.9997858740293456f,-0.02069314116748548f,1.1829179713786698e-16f,0.027686674925255592f,-0.019988039480719717f,0.965718996483934f,0.25881904510252074f,0.4535847060776637f,-0.005355779037140367f,0.2587636252232643f,-0.9659258262890683f,-0.826321064852557f,0f,0f,0f,1f], start_interpolation: 0, interpolation_duration: 1 }
$data merge entity $(bone_upper_body) { transformation: [-0.9997858740293456f,-0.02069314116748548f,1.1829179713786698e-16f,3.457819391797354e-17f,-0.019988039480719717f,0.965718996483934f,0.25881904510252074f,0.12925927171386647f,-0.005355779037140367f,0.2587636252232643f,-0.9659258262890683f,-0.2823523806378151f,0f,0f,0f,1f], start_interpolation: 0, interpolation_duration: 1 }