# This file was generated by Animated Java via MC-Build. It is not recommended to edit this file directly.
$data merge entity $(bone_tail_4) { transformation: [-0.979243638247184f,-3.169619151431765e-17f,0.20268669653536256f,-0.032318596423683656f,0.0524591772522669f,0.9659258262890683f,0.25344690337385445f,-0.03007930999177627f,-0.19578031482872169f,0.25881904510252074f,-0.9458767204122247f,1.0971220357534766f,0f,0f,0f,1f], start_interpolation: 0, interpolation_duration: 1 }
$data merge entity $(bone_tail_3) { transformation: [-0.9871526848161735f,-3.169619151431765e-17f,0.15977977613021077f,0.017612583617007217f,0.041354049084715655f,0.9659258262890683f,0.25549391525451165f,-0.2520892821900752f,-0.15433541228285616f,0.25881904510252074f,-0.9535162727545345f,0.7182672489231468f,0f,0f,0f,1f], start_interpolation: 0, interpolation_duration: 1 }
$data merge entity $(bone_tail_2) { transformation: [-0.9994580452659003f,-3.169619151431765e-17f,0.03291831941738999f,-0.005390900443204671f,0.008519887997988614f,0.9659258262890683f,0.2586787768957523f,-0.1871533414662f,-0.0317966548832899f,0.25881904510252074f,-0.9654023382147218f,0.4759230189043635f,0f,0f,0f,1f], start_interpolation: 0, interpolation_duration: 1 }
$data merge entity $(bone_tail_1) { transformation: [-0.9999941442306325f,-3.169619151431765e-17f,-0.0034222075396948687f,-0.037710157306566586f,-0.0008857324875665047f,0.9659258262890683f,0.2588175295178847f,-0.10630054263209748f,0.003305598645512456f,0.25881904510252074f,-0.9659201700502035f,0.1741762657213472f,0f,0f,0f,1f], start_interpolation: 0, interpolation_duration: 1 }
$data merge entity $(bone_tail_entire) { transformation: [-0.9973569167005722f,-3.169619151431765e-17f,-0.07265797072261045f,-0.01562500000000001f,-0.018805266601512976f,0.9659258262890683f,0.25813496480683645f,0.0322021298004212f,0.07018221040672443f,0.25881904510252074f,-0.9633728038691177f,0.07986980422058554f,0f,0f,0f,1f], start_interpolation: 0, interpolation_duration: 1 }
$data merge entity $(bone_dorsal_fin) { transformation: [-0.9999090261436515f,-0.01348849274212786f,1.1829179713786698e-16f,-0.015624999999999969f,-0.013028883497333924f,0.9658379522917042f,0.25881904510252074f,0.5076576468911747f,-0.0034910788113899287f,0.25879549933589135f,-0.9659258262890683f,-0.24566560286743658f,0f,0f,0f,1f], start_interpolation: 0, interpolation_duration: 1 }
$data merge entity $(bone_upper_jaw) { transformation: [-0.999532829100875f,-0.029148865885956013f,-0.009190602111037723f,-0.010983734397870357f,-0.029522011058094405f,0.8429610787148857f,0.537163914122051f,0.63394455230139f,-0.007910399021959193f,0.5371842918304657f,-0.8434278049708313f,-0.7779937897099081f,0f,0f,0f,1f], start_interpolation: 0, interpolation_duration: 1 }
$data merge entity $(bone_lower_jaw) { transformation: [-0.999532829100875f,-0.02646871100376146f,0.015281717423124222f,0.025982310545203537f,-0.029522011058094405f,0.9655350302153185f,-0.258593418884143f,0.45384063254964674f,-0.007910399021959193f,-0.25892375859488725f,-0.9658653699260626f,-0.8262524895610673f,0f,0f,0f,1f], start_interpolation: 0, interpolation_duration: 1 }
$data merge entity $(bone_neck) { transformation: [-0.999532829100875f,-0.030563434846248242f,1.1829179713786698e-16f,0.025982310545203537f,-0.029522011058094405f,0.9654745738523128f,0.25881904510252074f,0.45384063254964674f,-0.007910399021959193f,0.2586981323765095f,-0.9659258262890683f,-0.8262524895610673f,0f,0f,0f,1f], start_interpolation: 0, interpolation_duration: 1 }
$data merge entity $(bone_upper_body) { transformation: [-0.999532829100875f,-0.030563434846248242f,1.1829179713786698e-16f,3.457819391797354e-17f,-0.029522011058094405f,0.9654745738523128f,0.25881904510252074f,0.12925927171386647f,-0.007910399021959193f,0.2586981323765095f,-0.9659258262890683f,-0.2823523806378151f,0f,0f,0f,1f], start_interpolation: 0, interpolation_duration: 1 }