# This file was generated by Animated Java via MC-Build. It is not recommended to edit this file directly.
$data merge entity $(bone_tail_4) { transformation: [-0.9882121458259929f,-3.169619151431765e-17f,0.1530906752287241f,0.011905880518481585f,0.03962278237679845f,0.9659258262890683f,0.2557681239413964f,-0.030005254365359862f,-0.14787423696745672f,0.25881904510252074f,-0.9545396335058655f,1.0968456563931044f,0f,0f,0f,1f], start_interpolation: 0, interpolation_duration: 1 }
$data merge entity $(bone_tail_3) { transformation: [-0.9939493082978723f,-3.169619151431765e-17f,0.10983975844010868f,0.04623080503101556f,0.028428621393760425f,0.9659258262890683f,0.25725301085396624f,-0.25146550918882926f,-0.10609705943065363f,0.25881904510252074f,-0.96008130690707f,0.7159392963901072f,0f,0f,0f,1f], start_interpolation: 0, interpolation_duration: 1 }
$data merge entity $(bone_tail_2) { transformation: [-0.9997828996015364f,-3.169619151431765e-17f,-0.02083635439188902f,0.009778500820495292f,-0.005392845347126464f,0.9659258262890683f,0.25876285538469895f,-0.18694332175975223f,0.020126372832837254f,0.25881904510252074f,-0.9657161234072945f,0.47513921468930975f,0f,0f,0f,1f], start_interpolation: 0, interpolation_duration: 1 }
$data merge entity $(bone_tail_1) { transformation: [-0.9991916459822039f,-3.169619151431765e-17f,-0.04020018158384718f,-0.03400879486140082f,-0.0104045726104793f,0.9659258262890683f,0.25860982768752994f,-0.1064528935014766f,0.03883039361334817f,0.25881904510252074f,-0.9651450162664944f,0.1747448469064474f,0f,0f,0f,1f], start_interpolation: 0, interpolation_duration: 1 }
$data merge entity $(bone_tail_entire) { transformation: [-0.9948217482960331f,-3.169619151431765e-17f,-0.10163507818280178f,-0.01562500000000001f,-0.026305093884192825f,0.9659258262890683f,0.2574788149411995f,0.0322021298004212f,0.09817194687367685f,0.25881904510252074f,-0.9609240192331813f,0.07986980422058554f,0f,0f,0f,1f], start_interpolation: 0, interpolation_duration: 1 }
$data merge entity $(bone_dorsal_fin) { transformation: [-0.9995151376773006f,-0.0311366272085912f,1.1829179713786698e-16f,-0.015624999999999969f,-0.030075672364313112f,0.9654574852493785f,0.25881904510252074f,0.5076576468911747f,-0.008058752121840856f,0.2586935534991535f,-0.9659258262890683f,-0.24566560286743658f,0f,0f,0f,1f], start_interpolation: 0, interpolation_duration: 1 }
$data merge entity $(bone_upper_jaw) { transformation: [-0.9991823429863266f,-0.03855949064866468f,-0.012157760701314338f,-0.014529800420336629f,-0.03905310463117635f,0.842638203954728f,0.5370621121012137f,0.6338228881988063f,-0.010464247847851963f,0.5370977777992251f,-0.8434550827401025f,-0.7780263895079431f,0f,0f,0f,1f], start_interpolation: 0, interpolation_duration: 1 }
$data merge entity $(bone_lower_jaw) { transformation: [-0.9991823429863266f,-0.0350140557243253f,0.020215374497859907f,0.024275413234683504f,-0.03905310463117635f,0.9652418428662649f,-0.2584241470892439f,0.45408029204430905f,-0.010464247847851963f,-0.2590023179082972f,-0.9658200136853181f,-0.8261882729930141f,0f,0f,0f,1f], start_interpolation: 0, interpolation_duration: 1 }
$data merge entity $(bone_neck) { transformation: [-0.9991823429863266f,-0.04043074899571961f,1.1829179713786698e-16f,0.024275413234683504f,-0.03905310463117635f,0.9651360302625147f,0.25881904510252074f,0.45408029204430905f,-0.010464247847851963f,0.2586074198950204f,-0.9659258262890683f,-0.8261882729930141f,0f,0f,0f,1f], start_interpolation: 0, interpolation_duration: 1 }
$data merge entity $(bone_upper_body) { transformation: [-0.9991823429863266f,-0.04043074899571961f,1.1829179713786698e-16f,3.457819391797354e-17f,-0.03905310463117635f,0.9651360302625147f,0.25881904510252074f,0.12925927171386647f,-0.010464247847851963f,0.2586074198950204f,-0.9659258262890683f,-0.2823523806378151f,0f,0f,0f,1f], start_interpolation: 0, interpolation_duration: 1 }