# This file was generated by Animated Java via MC-Build. It is not recommended to edit this file directly.
$data merge entity $(bone_tail_4) { transformation: [-0.9984155903645436f,-3.169619151431765e-17f,0.05626996460830199f,0.0707418239286643f,0.014563738507873335f,0.9659258262890683f,0.25840896971362076f,-0.029541079174482482f,-0.05435261205953072f,0.25881904510252074f,-0.9643954041027599f,1.0951133309971368f,0f,0f,0f,1f], start_interpolation: 0, interpolation_duration: 1 }
$data merge entity $(bone_tail_3) { transformation: [-0.9999197813365812f,-3.169619151431765e-17f,0.012666131682696521f,0.07469999007950696f,0.003278236107258272f,0.9659258262890683f,0.25879828298465535f,-0.2505184364571115f,-0.012234543711494766f,0.25881904510252074f,-0.9658483410103218f,0.7124047728368735f,0f,0f,0f,1f], start_interpolation: 0, interpolation_duration: 1 }
$data merge entity $(bone_tail_2) { transformation: [-0.9972187107991048f,-3.169619151431765e-17f,-0.0745308180028316f,0.024904200866327036f,-0.019289995146202662f,0.9659258262890683f,0.2580991944873911f,-0.18659645018358256f,0.07199124196338529f,0.25881904510252074f,-0.9632393072195448f,0.47384467234334315f,0f,0f,0f,1f], start_interpolation: 0, interpolation_duration: 1 }
$data merge entity $(bone_tail_1) { transformation: [-0.9970369782714328f,-3.169619151431765e-17f,-0.0769237541944637f,-0.03029187789042515f,-0.019909332606312148f,0.9659258262890683f,0.2580521586481149f,-0.10657731724999392f,0.07430264083154454f,0.25881904510252074f,-0.9630637670775897f,0.17520920265758214f,0f,0f,0f,1f], start_interpolation: 0, interpolation_duration: 1 }
$data merge entity $(bone_tail_entire) { transformation: [-0.9914448613738104f,-3.169619151431765e-17f,-0.13052619222005146f,-0.01562500000000001f,-0.03378266443126182f,0.9659258262890683f,0.25660481229257065f,0.0322021298004212f,0.12607862007251897f,0.25881904510252074f,-0.9576621969425486f,0.07986980422058554f,0f,0f,0f,1f], start_interpolation: 0, interpolation_duration: 1 }
$data merge entity $(bone_dorsal_fin) { transformation: [-0.9988097885014997f,-0.04877505913465793f,1.1829179713786698e-16f,-0.015624999999999969f,-0.0471130892969426f,0.9647761702639207f,0.25881904510252074f,0.5076576468911747f,-0.012623914230051263f,0.25851099569900887f,-0.9659258262890683f,-0.24566560286743658f,0f,0f,0f,1f], start_interpolation: 0, interpolation_duration: 1 }
$data merge entity $(bone_upper_jaw) { transformation: [-0.998734449853445f,-0.04796635637275652f,-0.015123734071267719f,-0.018074449980086307f,-0.04858039104482891f,0.8422255959173407f,0.5369320172867437f,0.6336674112375131f,-0.013017076548450173f,0.5369872198088166f,-0.8434899415405792f,-0.7780680494341633f,0f,0f,0f,1f], start_interpolation: 0, interpolation_duration: 1 }
$data merge entity $(bone_lower_jaw) { transformation: [-0.998734449853445f,-0.04355598703912613f,0.025147060841859456f,0.022566149393531108f,-0.04858039104482891f,0.9648671729582773f,-0.25820783131701f,0.4543036611980303f,-0.013017076548450173f,-0.2591027104075707f,-0.9657620520488379f,-0.8261284214086605f,0f,0f,0f,1f], start_interpolation: 0, interpolation_duration: 1 }
$data merge entity $(bone_neck) { transformation: [-0.998734449853445f,-0.05029412168371871f,1.1829179713786698e-16f,0.022566149393531108f,-0.04858039104482891f,0.9647033987180469f,0.25881904510252074f,0.4543036611980303f,-0.013017076548450173f,0.25849149662206f,-0.9659258262890683f,-0.8261284214086605f,0f,0f,0f,1f], start_interpolation: 0, interpolation_duration: 1 }
$data merge entity $(bone_upper_body) { transformation: [-0.998734449853445f,-0.05029412168371871f,1.1829179713786698e-16f,3.457819391797354e-17f,-0.04858039104482891f,0.9647033987180469f,0.25881904510252074f,0.12925927171386647f,-0.013017076548450173f,0.25849149662206f,-0.9659258262890683f,-0.2823523806378151f,0f,0f,0f,1f], start_interpolation: 0, interpolation_duration: 1 }