# This file was generated by Animated Java via MC-Build. It is not recommended to edit this file directly.
$data merge entity $(bone_tail_4) { transformation: [-0.9999999942897847f,-3.169619151431765e-17f,-0.00010686641656295487f,0.08869373644925463f,-0.000027659063888378285f,0.9659258262890683f,0.2588190436246082f,-0.0293121513462343f,0.00010322503172113112f,0.25881904510252074f,-0.9659258207734237f,1.0942589607108482f,0f,0f,0f,1f], start_interpolation: 0, interpolation_duration: 1 }
$data merge entity $(bone_tail_3) { transformation: [-0.9990435544294568f,-3.169619151431765e-17f,-0.043726151819673945f,0.07502931400560653f,-0.011317160859975887f,0.9659258262890683f,0.2585714987732602f,-0.25036037869492433f,0.04223621932685981f,0.25881904510252074f,-0.9650019708110408f,0.7118148932378603f,0f,0f,0f,1f], start_interpolation: 0, interpolation_duration: 1 }
$data merge entity $(bone_tail_2) { transformation: [-0.9961853783813488f,-3.169619151431765e-17f,-0.08726220200756418f,0.022082970429298326f,-0.02258511979714106f,0.9659258262890683f,0.257831748377754f,-0.18660822659414647f,0.08428881457796003f,0.25881904510252074f,-0.9622411847500926f,0.47388862250589836f,0f,0f,0f,1f], start_interpolation: 0, interpolation_duration: 1 }
$data merge entity $(bone_tail_1) { transformation: [-0.9973512625216094f,-3.169619151431765e-17f,-0.07273554252600051f,-0.03181411356387713f,-0.01882534366159327f,0.9659258262890683f,0.2581335013976364f,-0.10652979939680987f,0.07025713901501071f,0.25881904510252074f,-0.9633673423516311f,0.1750318636152327f,0f,0f,0f,1f], start_interpolation: 0, interpolation_duration: 1 }
$data merge entity $(bone_tail_entire) { transformation: [-0.9929278846732883f,-3.169619151431765e-17f,-0.11871906265730507f,-0.01562500000000001f,-0.030726754432430056f,0.9659258262890683f,0.2569886469668063f,0.0322021298004212f,0.11467380869352106f,0.25881904510252074f,-0.9590946874485027f,0.07986980422058554f,0f,0f,0f,1f], start_interpolation: 0, interpolation_duration: 1 }
$data merge entity $(bone_dorsal_fin) { transformation: [-0.9977931984113739f,-0.06639829217683704f,1.1829179713786698e-16f,-0.015624999999999969f,-0.06413582523509427f,0.9637942196411187f,0.25881904510252074f,0.5076576468911747f,-0.01718514257764725f,0.2582478828226218f,-0.9659258262890683f,-0.24566560286743658f,0f,0f,0f,1f], start_interpolation: 0, interpolation_duration: 1 }
$data merge entity $(bone_upper_jaw) { transformation: [-0.9981891933658666f,-0.05736854601366159f,-0.01808823307785561f,-0.02161733752082821f,-0.05810294151506299f,0.8417232948265313f,0.5367736423611589f,0.633478136574451f,-0.015568636256834002f,0.536852628637177f,-0.8435323779739909f,-0.7781187654272785f,0f,0f,0f,1f], start_interpolation: 0, interpolation_duration: 1 }
$data merge entity $(bone_lower_jaw) { transformation: [-0.9981891933658666f,-0.05209367222322037f,0.030076295681152547f,0.020854685652287288f,-0.05810294151506299f,0.9644110570166992f,-0.25794449265535824f,0.4545107182352823f,-0.015568636256834002f,-0.25922492630577154f,-0.9656914906671125f,-0.8260729406427416f,0f,0f,0f,1f], start_interpolation: 0, interpolation_duration: 1 }
$data merge entity $(bone_neck) { transformation: [-0.9981891933658666f,-0.06015259136230489f,1.1829179713786698e-16f,0.020854685652287288f,-0.05810294151506299f,0.9641767213947433f,0.25881904510252074f,0.4545107182352823f,-0.015568636256834002f,0.25835037385860904f,-0.9659258262890683f,-0.8260729406427416f,0f,0f,0f,1f], start_interpolation: 0, interpolation_duration: 1 }
$data merge entity $(bone_upper_body) { transformation: [-0.9981891933658666f,-0.06015259136230489f,1.1829179713786698e-16f,3.457819391797354e-17f,-0.05810294151506299f,0.9641767213947433f,0.25881904510252074f,0.12925927171386647f,-0.015568636256834002f,0.25835037385860904f,-0.9659258262890683f,-0.2823523806378151f,0f,0f,0f,1f], start_interpolation: 0, interpolation_duration: 1 }