# This file was generated by Animated Java via MC-Build. It is not recommended to edit this file directly.
$data merge entity $(bone_tail_4) { transformation: [-0.9984035408209841f,-3.169619151431765e-17f,-0.05648335751459464f,0.10659488764520147f,-0.014618968656111711f,0.9659258262890683f,0.2584058510622626f,-0.0288096997750584f,0.05455873377886565f,0.25881904510252074f,-0.9643837651374408f,1.0923837859188774f,0f,0f,0f,1f], start_interpolation: 0, interpolation_duration: 1 }
$data merge entity $(bone_tail_3) { transformation: [-0.99498951242711f,-3.169619151431765e-17f,-0.09997934866792159f,0.07535134118647599f,-0.02587655955220348f,0.9659258262890683f,0.25752223549340725f,-0.2501858218987025f,0.096572634973905f,0.25881904510252074f,-0.9610860669401137f,0.7111634384055541f,0f,0f,0f,1f], start_interpolation: 0, interpolation_duration: 1 }
$data merge entity $(bone_tail_2) { transformation: [-0.99498951242711f,-3.169619151431765e-17f,-0.09997934866792153f,0.019263081756148423f,-0.025876559552203464f,0.9659258262890683f,0.25752223549340725f,-0.18661390551135704f,0.09657263497390495f,0.25881904510252074f,-0.9610860669401137f,0.47390981651346015f,0f,0f,0f,1f], start_interpolation: 0, interpolation_duration: 1 }
$data merge entity $(bone_tail_1) { transformation: [-0.9976479536036582f,-3.169619151431765e-17f,-0.06854604781045384f,-0.03333405673473272f,-0.01774102263985343f,0.9659258262890683f,0.2582102907001827f,-0.10647759662504536f,0.06621039787016259f,0.25881904510252074f,-0.9636539239302118f,0.1748370402187116f,0f,0f,0f,1f], start_interpolation: 0, interpolation_duration: 1 }
$data merge entity $(bone_tail_entire) { transformation: [-0.9942703017718973f,-3.169619151431765e-17f,-0.10689512156511265f,-0.01562500000000001f,-0.027666493289600358f,0.9659258262890683f,0.2573360900783976f,0.0322021298004212f,0.10325275862405182f,0.25881904510252074f,-0.9603913627937013f,0.07986980422058554f,0f,0f,0f,1f], start_interpolation: 0, interpolation_duration: 1 }
$data merge entity $(bone_dorsal_fin) { transformation: [-0.9964656841883892f,-0.08400083472778885f,1.1829179713786698e-16f,-0.015624999999999969f,-0.08113857569341089f,0.9625119393683716f,0.25881904510252074f,0.5076576468911747f,-0.02174101583206109f,0.2579042968590689f,-0.9659258262890683f,-0.24566560286743658f,0f,0f,0f,1f], start_interpolation: 0, interpolation_duration: 1 }
$data merge entity $(bone_upper_jaw) { transformation: [-0.9975466266788633f,-0.06676514298266593f,-0.0210509687217666f,-0.02515811765804463f,-0.0676198277195811f,0.8411313496499906f,0.5365870027639128f,0.6332550826613875f,-0.01811867822979352f,0.5366940174051593f,-0.8435823879033487f,-0.7781785325431524f,0f,0f,0f,1f], start_interpolation: 0, interpolation_duration: 1 }
$data merge entity $(bone_lower_jaw) { transformation: [-0.9975466266788633f,-0.06062627896560582f,0.035002598480758f,0.019141188855954058f,-0.0676198277195811f,0.9638735395067821f,-0.2576341567763134f,0.4547014429707518f,-0.01811867822979352f,-0.2593689536884714f,-0.96560833641894f,-0.8260218361038959f,0f,0f,0f,1f], start_interpolation: 0, interpolation_duration: 1 }
$data merge entity $(bone_neck) { transformation: [-0.9975466266788633f,-0.0700051969615158f,1.1829179713786698e-16f,0.019141188855954058f,-0.0676198277195811f,0.9635560496366538f,0.25881904510252074f,0.4547014429707518f,-0.01811867822979352f,0.2581840653622641f,-0.9659258262890683f,-0.8260218361038959f,0f,0f,0f,1f], start_interpolation: 0, interpolation_duration: 1 }
$data merge entity $(bone_upper_body) { transformation: [-0.9975466266788633f,-0.0700051969615158f,1.1829179713786698e-16f,3.457819391797354e-17f,-0.0676198277195811f,0.9635560496366538f,0.25881904510252074f,0.12925927171386647f,-0.01811867822979352f,0.2581840653622641f,-0.9659258262890683f,-0.2823523806378151f,0f,0f,0f,1f], start_interpolation: 0, interpolation_duration: 1 }