# This file was generated by Animated Java via MC-Build. It is not recommended to edit this file directly.
$data merge entity $(bone_tail_4) { transformation: [-0.9936313080489922f,-3.169619151431765e-17f,-0.1126801831062097f,0.1243890863739304f,-0.029163777393526425f,0.9659258262890683f,0.2571707063332088f,-0.028034803225289007f,0.10884069897326916f,0.25881904510252074f,-0.9597741422539106f,1.0894918326245278f,0f,0f,0f,1f], start_interpolation: 0, interpolation_duration: 1 }
$data merge entity $(bone_tail_3) { transformation: [-0.987770550659094f,-3.169619151431765e-17f,-0.1559145254638914f,0.07566579716646435f,-0.04035364859817706f,0.9659258262890683f,0.2556538307019778f,-0.24999480184625478f,0.1506018668391773f,0.25881904510252074f,-0.9541130853293933f,0.7104505418645546f,0f,0f,0f,1f], start_interpolation: 0, interpolation_duration: 1 }
$data merge entity $(bone_tail_2) { transformation: [-0.9936313080489922f,-3.169619151431765e-17f,-0.11268018310620972f,0.016444773013380903f,-0.02916377739352642f,0.9659258262890683f,0.25717070633320877f,-0.1866134933065003f,0.10884069897326915f,0.25881904510252074f,-0.9597741422539106f,0.47390827814399156f,0f,0f,0f,1f], start_interpolation: 0, interpolation_duration: 1 }
$data merge entity $(bone_tail_1) { transformation: [-0.9979270462839807f,-3.169619151431765e-17f,-0.06435534395005629f,-0.03485149216738608f,-0.016656388668397887f,0.9659258262890683f,0.2582825252011989f,-0.10642071632701305f,0.06216248878107531f,0.25881904510252074f,-0.9639235067580633f,0.1746247600565054f,0f,0f,0f,1f], start_interpolation: 0, interpolation_duration: 1 }
$data merge entity $(bone_tail_entire) { transformation: [-0.9954719225730846f,-3.169619151431765e-17f,-0.09505604330418255f,-0.01562500000000001f,-0.024602314359212417f,0.9659258262890683f,0.2576470924267362f,0.0322021298004212f,0.09181708717236196f,0.25881904510252074f,-0.9615520393589742f,0.07986980422058554f,0f,0f,0f,1f], start_interpolation: 0, interpolation_duration: 1 }
$data merge entity $(bone_dorsal_fin) { transformation: [-0.99482765950164f,-0.10157720162757486f,1.1829179713786698e-16f,-0.015624999999999969f,-0.09811604241424651f,0.9609297290193415f,0.25881904510252074f,0.5076576468911747f,-0.026290114329435253f,0.2574803448737901f,-0.9659258262890683f,-0.24566560286743658f,0f,0f,0f,1f], start_interpolation: 0, interpolation_duration: 1 }
$data merge entity $(bone_upper_jaw) { transformation: [-0.9968068124341591f,-0.07615523123626697f,-0.024011652175593777f,-0.028696445212661757f,-0.07713012188827653f,0.8404498180945174f,0.5363721166898894f,0.6329982712431191f,-0.020666953872077877f,0.536511401575254f,-0.8436399664533479f,-0.7782473449552846f,0f,0f,0f,1f], start_interpolation: 0, interpolation_duration: 1 }
$data merge entity $(bone_lower_jaw) { transformation: [-0.9968068124341591f,-0.06915297545036102f,0.039925488991529645f,0.017425826047729298f,-0.07713012188827653f,0.9632546728293496f,-0.2572768539335053f,0.4548758168113083f,-0.020666953872077877f,-0.2595347785149119f,-0.9655125974107562f,-0.8259751127741377f,0f,0f,0f,1f], start_interpolation: 0, interpolation_duration: 1 }
$data merge entity $(bone_neck) { transformation: [-0.9968068124341591f,-0.0798509779830591f,1.1829179713786698e-16f,0.017425826047729298f,-0.07713012188827653f,0.9628414439510375f,0.25881904510252074f,0.4548758168113083f,-0.020666953872077877f,0.2579925873458966f,-0.9659258262890683f,-0.8259751127741377f,0f,0f,0f,1f], start_interpolation: 0, interpolation_duration: 1 }
$data merge entity $(bone_upper_body) { transformation: [-0.9968068124341591f,-0.0798509779830591f,1.1829179713786698e-16f,3.457819391797354e-17f,-0.07713012188827653f,0.9628414439510375f,0.25881904510252074f,0.12925927171386647f,-0.020666953872077877f,0.2579925873458966f,-0.9659258262890683f,-0.2823523806378151f,0f,0f,0f,1f], start_interpolation: 0, interpolation_duration: 1 }