# This file was generated by Animated Java via MC-Build. It is not recommended to edit this file directly.
$data merge entity $(bone_tail_4) { transformation: [-0.9957561729738859f,0.002026766208089256f,-0.09200834855130674f,0.11067956751867644f,-0.021853146638579426f,0.9659557209075635f,0.25778282570400607f,-0.028691208818589164f,0.0893984561745545f,0.2586995119142804f,-0.961812080693999f,1.091448556764144f,0f,0f,0f,1f], start_interpolation: 0, interpolation_duration: 1 }
$data merge entity $(bone_tail_3) { transformation: [-0.9907950859424131f,0.002026766208089256f,-0.13535505122123914f,0.06774774957201132f,-0.03307667621575426f,0.9659557209075635f,0.2565842527055536f,-0.2503697926317173f,0.13126702237380367f,0.2586995119142804f,-0.9569971428235451f,0.7115433521585736f,0f,0f,0f,1f], start_interpolation: 0, interpolation_duration: 1 }
$data merge entity $(bone_tail_2) { transformation: [-0.9957561729738857f,0.002026766208089256f,-0.09200834855130674f,0.013628282028750716f,-0.021853146638579422f,0.9659557209075635f,0.257782825704006f,-0.18660699703817143f,0.08939845617455451f,0.2586995119142804f,-0.9618120806939989f,0.4738840337405287f,0f,0f,0f,1f], start_interpolation: 0, interpolation_duration: 1 }
$data merge entity $(bone_tail_1) { transformation: [-0.998188535639412f,-3.169619151431765e-17f,-0.06016350486836951f,-0.03636620498134638f,-0.01557146088005228f,0.9659258262890683f,0.25835020362647615f,-0.10635916655739927f,0.05811348315242618f,0.25881904510252074f,-0.9641760860797742f,0.17439505318911258f,0f,0f,0f,1f], start_interpolation: 0, interpolation_duration: 1 }
$data merge entity $(bone_tail_entire) { transformation: [-0.9965325769181324f,-3.169619151431765e-17f,-0.08320350437876214f,-0.01562500000000001f,-0.02153465155249465f,0.9659258262890683f,0.2579216099715053f,0.0322021298004212f,0.08036841371720192f,0.25881904510252074f,-0.9625765527836215f,0.07986980422058554f,0f,0f,0f,1f], start_interpolation: 0, interpolation_duration: 1 }
$data merge entity $(bone_dorsal_fin) { transformation: [-0.996509270146551f,-0.08348218080517752f,1.1829179713786698e-16f,-0.015624999999999969f,-0.08063759447465448f,0.9625540401710236f,0.25881904510252074f,0.5076576468911747f,-0.021606778319072147f,0.25791557773514023f,-0.9659258262890683f,-0.24566560286743658f,0f,0f,0f,1f], start_interpolation: 0, interpolation_duration: 1 }
$data merge entity $(bone_upper_jaw) { transformation: [-0.9979212459786554f,-0.061462501990789765f,-0.019379052439167998f,-0.023160002174241554f,-0.06224930570298708f,0.841476456379045f,0.5366958144976177f,0.6333851241067625f,-0.01667965119251359f,0.536786488474512f,-0.8435532318871755f,-0.7781436880428816f,0f,0f,0f,1f], start_interpolation: 0, interpolation_duration: 1 }
$data merge entity $(bone_lower_jaw) { transformation: [-0.9979212459786554f,-0.05581120065278911f,0.03222261172068414f,0.020108516157847946f,-0.06224930570298708f,0.9641869146587531f,-0.25781508400466124f,0.45459580789247783f,-0.01667965119251359f,-0.25928498506957276f,-0.9656568157236646f,-0.8260501409378118f,0f,0f,0f,1f], start_interpolation: 0, interpolation_duration: 1 }
$data merge entity $(bone_neck) { transformation: [-0.9979212459786554f,-0.06444522344136809f,1.1829179713786698e-16f,0.020108516157847946f,-0.06224930570298708f,0.9639179040933493f,0.25881904510252074f,0.45459580789247783f,-0.01667965119251359f,0.2582810239717133f,-0.9659258262890683f,-0.8260501409378118f,0f,0f,0f,1f], start_interpolation: 0, interpolation_duration: 1 }
$data merge entity $(bone_upper_body) { transformation: [-0.9979212459786554f,-0.06444522344136809f,1.1829179713786698e-16f,3.457819391797354e-17f,-0.06224930570298708f,0.9639179040933493f,0.25881904510252074f,0.12925927171386647f,-0.01667965119251359f,0.2582810239717133f,-0.9659258262890683f,-0.2823523806378151f,0f,0f,0f,1f], start_interpolation: 0, interpolation_duration: 1 }