# This file was generated by Animated Java via MC-Build. It is not recommended to edit this file directly.
$data merge entity $(bone_tail_4) { transformation: [-0.99744690502162f,0.004054557455293866f,-0.07129678973581649f,0.0969306067800139f,-0.014530646920959454f,0.9659772266189557f,0.2582186243352895f,-0.029245564345511482f,0.06991803746423322f,0.2585953561404239f,-0.9634520796696417f,1.0931654000016877f,0f,0f,0f,1f], start_interpolation: 0, interpolation_duration: 1 }
$data merge entity $(bone_tail_3) { transformation: [-0.9933876342947862f,0.004054557455293866f,-0.11473695391655667f,0.05980825947631061f,-0.02578015516464361f,0.9659772266189557f,0.25733903950477055f,-0.2506949978186943f,0.11187668045618455f,0.2585953561404239f,-0.9594853048133214f,0.7125151934536424f,0f,0f,0f,1f], start_interpolation: 0, interpolation_duration: 1 }
$data merge entity $(bone_tail_2) { transformation: [-0.9974469050216199f,0.004054557455293866f,-0.07129678973581649f,0.010813846260430866f,-0.014530646920959456f,0.9659772266189557f,0.25821862433528947f,-0.18659442445115193f,0.06991803746423321f,0.2585953561404239f,-0.9634520796696417f,0.4738371122069893f,0f,0f,0f,1f], start_interpolation: 0, interpolation_duration: 1 }
$data merge entity $(bone_tail_1) { transformation: [-0.9984324170573085f,-3.169619151431765e-17f,-0.055970604508980414f,-0.0378779806816664f,-0.014486258412825182f,0.9659258262890683f,0.2584133247821743f,-0.10629295603212324f,0.054063452408235554f,0.25881904510252074f,-0.9644116574398724f,0.17414795214478657f,0f,0f,0f,1f], start_interpolation: 0, interpolation_duration: 1 }
$data merge entity $(bone_tail_entire) { transformation: [-0.9974521146102535f,-3.169619151431765e-17f,-0.07133918319923221f,-0.01562500000000001f,-0.018463939274019105f,0.9659258262890683f,0.2581596038389159f,0.0322021298004212f,0.0689083594785056f,0.25881904510252074f,-0.9634647579886876f,0.07986980422058554f,0f,0f,0f,1f], start_interpolation: 0, interpolation_duration: 1 }
$data merge entity $(bone_dorsal_fin) { transformation: [-0.9978617760385767f,-0.06535958935869546f,1.1829179713786698e-16f,-0.015624999999999969f,-0.06313251535721208f,0.9638604605423394f,0.25881904510252074f,0.5076576468911747f,-0.01691630650611055f,0.25826563201860986f,-0.9659258262890683f,-0.24566560286743658f,0f,0f,0f,1f], start_interpolation: 0, interpolation_duration: 1 }
$data merge entity $(bone_upper_jaw) { transformation: [-0.9987975962355722f,-0.046755109068598824f,-0.014741829263233861f,-0.017618033640217152f,-0.04735363812595603f,0.8422837676169824f,0.5369503587531879f,0.6336893312154923f,-0.012688369094525661f,0.5370028068687579f,-0.8434850269594575f,-0.7780621759937657f,0f,0f,0f,1f], start_interpolation: 0, interpolation_duration: 1 }
$data merge entity $(bone_lower_jaw) { transformation: [-0.9987975962355722f,-0.04245611046165413f,0.024512046803780635f,0.02278640879356218f,-0.04735363812595603f,0.9649199959364487f,-0.2582383286776767f,0.4542758086370447f,-0.012688369094525661f,-0.2590885565332278f,-0.9657702237919998f,-0.8261358844798837f,0f,0f,0f,1f], start_interpolation: 0, interpolation_duration: 1 }
$data merge entity $(bone_neck) { transformation: [-0.9987975962355722f,-0.04902409360756107f,1.1829179713786698e-16f,0.02278640879356218f,-0.04735363812595603f,0.9647643934393803f,0.25881904510252074f,0.4542758086370447f,-0.012688369094525661f,0.25850784010838385f,-0.9659258262890683f,-0.8261358844798837f,0f,0f,0f,1f], start_interpolation: 0, interpolation_duration: 1 }
$data merge entity $(bone_upper_body) { transformation: [-0.9987975962355722f,-0.04902409360756107f,1.1829179713786698e-16f,3.457819391797354e-17f,-0.04735363812595603f,0.9647643934393803f,0.25881904510252074f,0.12925927171386647f,-0.012688369094525661f,0.25850784010838385f,-0.9659258262890683f,-0.2823523806378151f,0f,0f,0f,1f], start_interpolation: 0, interpolation_duration: 1 }