# This file was generated by Animated Java via MC-Build. It is not recommended to edit this file directly.
$data merge entity $(bone_tail_4) { transformation: [-0.9454704609804992f,0.012560293979691162f,0.3254655840921837f,-0.15486016020413865f,0.09614116772396132f,0.96549437472986f,0.2420278666469418f,-0.02722078946592288f,-0.3111952494528084f,0.26012083995739443f,-0.9140539728800834f,1.0885985987956128f,0f,0f,0f,1f], start_interpolation: 0, interpolation_duration: 1 }
$data merge entity $(bone_tail_3) { transformation: [-0.9587671919873493f,0.012560293979691162f,0.2839149706934055f,-0.07006182373110292f,0.08549255536694782f,0.96549437472986f,0.24599112858358543f,-0.25206555388663365f,-0.2710285862146702f,0.26012083995739443f,-0.9267581421678133f,0.7176989168814853f,0f,0f,0f,1f], start_interpolation: 0, interpolation_duration: 1 }
$data merge entity $(bone_tail_2) { transformation: [-0.9811792039065292f,0.012560293979691162f,0.19269044822329265f,-0.0525510617973588f,0.06203124275207106f,0.96549437472986f,0.2529283244075885f,-0.1868949964487343f,-0.18286468971341438f,0.26012083995739443f,-0.9481021326185679f,0.4749588621732992f,0f,0f,0f,1f], start_interpolation: 0, interpolation_duration: 1 }
$data merge entity $(bone_tail_1) { transformation: [-0.9940563382223196f,-3.169619151431765e-17f,0.1088668748519647f,-0.04959442397556732f,0.028176820592481104f,0.9659258262890683f,0.25728071223680915f,-0.1056142482312164f,-0.1051573260468926f,0.25881904510252074f,-0.9601846898752797f,0.17161498014830892f,0f,0f,0f,1f], start_interpolation: 0, interpolation_duration: 1 }
$data merge entity $(bone_tail_entire) { transformation: [-0.9997620270799091f,-3.169619151431765e-17f,0.02181488503456124f,-0.01562500000000001f,0.0056461077136663795f,0.9659258262890683f,0.25875745317858256f,0.0322021298004212f,-0.0210715608524096f,0.25881904510252074f,-0.9656959620995951f,0.07986980422058554f,0f,0f,0f,1f], start_interpolation: 0, interpolation_duration: 1 }
$data merge entity $(bone_dorsal_fin) { transformation: [-0.996917333733128f,0.07845909572784492f,1.1829179713786698e-16f,-0.015624999999999969f,0.07578566687081173f,0.9629481993280665f,0.25881904510252074f,0.5076576468911747f,0.020306708235887972f,0.2580211923629592f,-0.9659258262890683f,-0.24566560286743658f,0f,0f,0f,1f], start_interpolation: 0, interpolation_duration: 1 }
$data merge entity $(bone_upper_jaw) { transformation: [-0.9981347984218669f,0.05822302697281619f,0.01835764988939746f,0.021939318895339274f,0.05896836099394746f,0.8416731851252659f,0.5367578428330388f,0.6334592544796342f,0.015800524707315015f,0.5368392017831899f,-0.8435366114447915f,-0.7781238248693361f,0f,0f,0f,1f], start_interpolation: 0, interpolation_duration: 1 }
$data merge entity $(bone_lower_jaw) { transformation: [-0.9981347984218669f,0.052869586101124716f,-0.030524269767428305f,0.04168443018323696f,0.05896836099394746f,0.9643655547592025f,-0.2579182219147438f,0.45084320946478945f,0.015800524707315015f,-0.2592371185989215f,-0.9656844514433802f,-0.8270556466560293f,0f,0f,0f,1f], start_interpolation: 0, interpolation_duration: 1 }
$data merge entity $(bone_neck) { transformation: [-0.9981347984218669f,0.061048539534856824f,1.1829179713786698e-16f,0.04168443018323696f,0.05896836099394746f,0.9641241799135144f,0.25881904510252074f,0.45084320946478945f,0.015800524707315015f,0.2583362954111446f,-0.9659258262890683f,-0.8270556466560293f,0f,0f,0f,1f], start_interpolation: 0, interpolation_duration: 1 }
$data merge entity $(bone_upper_body) { transformation: [-0.9981347984218669f,0.061048539534856824f,1.1829179713786698e-16f,3.457819391797354e-17f,0.05896836099394746f,0.9641241799135144f,0.25881904510252074f,0.12925927171386647f,0.015800524707315015f,0.2583362954111446f,-0.9659258262890683f,-0.2823523806378151f,0f,0f,0f,1f], start_interpolation: 0, interpolation_duration: 1 }