# This file was generated by Animated Java via MC-Build. It is not recommended to edit this file directly.
$data merge entity $(bone_tail_4) { transformation: [-0.9987027689748225f,0.006083258183187475f,-0.050554655689653664f,0.08314751571453641f,-0.007200232217410623f,0.965990341256848f,0.258477885426382f,-0.029697579568245813f,0.05040769681346403f,0.2585065851547214f,-0.9646934277445903f,1.0946416256834703f,0f,0f,0f,1f], start_interpolation: 0, interpolation_duration: 1 }
$data merge entity $(bone_tail_3) { transformation: [-0.9955470621235251f,0.006083258183187475f,-0.09406934180217809f,0.05184982821910966f,-0.018468026201566776f,0.965990341256848f,0.25791780203525455f,-0.2509702480749938f,0.09243905616911377f,0.2585065851547214f,-0.9615765005064384f,0.7133656614143579f,0f,0f,0f,1f], start_interpolation: 0, interpolation_duration: 1 }
$data merge entity $(bone_tail_2) { transformation: [-0.9987027689748224f,0.006083258183187475f,-0.05055465568965367f,0.008001702766233049f,-0.007200232217410623f,0.965990341256848f,0.25847788542638206f,-0.1865757839751924f,0.05040769681346403f,0.2585065851547214f,-0.9646934277445902f,0.47376754500363105f,0f,0f,0f,1f], start_interpolation: 0, interpolation_duration: 1 }
$data merge entity $(bone_tail_1) { transformation: [-0.9986586862356285f,-3.169619151431765e-17f,-0.05177671683419669f,-0.0393866051893168f,-0.013400800409570429f,0.9659258262890683f,0.25847188755484324f,-0.10622209412710296f,0.05001246799060654f,0.25881904510252074f,-0.9646302166829049f,0.17388349191492974f,0f,0f,0f,1f], start_interpolation: 0, interpolation_duration: 1 }
$data merge entity $(bone_tail_entire) { transformation: [-0.9982304054358614f,-3.169619151431765e-17f,-0.05946475984443098f,-0.01562500000000001f,-0.015390612360186377f,0.9659258262890683f,0.2583610403272118f,0.0322021298004212f,0.057438547287812995f,0.25881904510252074f,-0.9642165291975061f,0.07986980422058554f,0f,0f,0f,1f], start_interpolation: 0, interpolation_duration: 1 }
$data merge entity $(bone_dorsal_fin) { transformation: [-0.9988847305023771f,-0.047215412411557245f,1.1829179713786698e-16f,-0.015624999999999969f,-0.04560658624721253f,0.964848558678042f,0.25881904510252074f,0.5076576468911747f,-0.012220247954481065f,0.258530392116114f,-0.9659258262890683f,-0.24566560286743658f,0f,0f,0f,1f], start_interpolation: 0, interpolation_duration: 1 }
$data merge entity $(bone_upper_jaw) { transformation: [-0.9994356541259355f,-0.03203656134824814f,-0.010101088992949765f,-0.012071861809202469f,-0.032446672954160524f,0.8428715592006323f,0.5371356887276258f,0.6339108199918095f,-0.008694059815144185f,0.5371603051489147f,-0.8434353679424735f,-0.7780028282550189f,0f,0f,0f,1f], start_interpolation: 0, interpolation_duration: 1 }
$data merge entity $(bone_lower_jaw) { transformation: [-0.9994356541259355f,-0.029090891124158857f,0.016795633821499345f,0.025458865065295228f,-0.032446672954160524f,0.9654537417644663f,-0.25854648697516147f,0.45391589539018645f,-0.008694059815144185f,-0.25894553976964707f,-0.9658527945589518f,-0.8262323229437246f,0f,0f,0f,1f], start_interpolation: 0, interpolation_duration: 1 }
$data merge entity $(bone_neck) { transformation: [-0.9994356541259355f,-0.03359126764299849f,1.1829179713786698e-16f,0.025458865065295228f,-0.032446672954160524f,0.9653807100343498f,0.25881904510252074f,0.45391589539018645f,-0.008694059815144185f,0.2586729816422878f,-0.9659258262890683f,-0.8262323229437246f,0f,0f,0f,1f], start_interpolation: 0, interpolation_duration: 1 }
$data merge entity $(bone_upper_body) { transformation: [-0.9994356541259355f,-0.03359126764299849f,1.1829179713786698e-16f,3.457819391797354e-17f,-0.032446672954160524f,0.9653807100343498f,0.25881904510252074f,0.12925927171386647f,-0.008694059815144185f,0.2586729816422878f,-0.9659258262890683f,-0.2823523806378151f,0f,0f,0f,1f], start_interpolation: 0, interpolation_duration: 1 }