# This file was generated by Animated Java via MC-Build. It is not recommended to edit this file directly.
$data merge entity $(bone_tail_4) { transformation: [-0.9995232228795493f,0.008112752756867788f,-0.02979110886128599f,0.06933562164166936f,0.00013413973130698212f,0.9659950628626078f,0.25856047751270705f,-0.030047012674956297f,0.030875701303963013f,0.2584332056214381f,-0.9655355867606414f,1.0958765963144752f,0f,0f,0f,1f], start_interpolation: 0, interpolation_duration: 1 }
$data merge entity $(bone_tail_3) { transformation: [-0.9972724283301172f,0.008112752756867788f,-0.07336134496625142f,0.04387496610319461f,-0.011144237565987309f,0.9659950628626078f,0.2583202363233269f,-0.25119539596848156f,0.0729623852517463f,0.2584332056214381f,-0.9632698316518603f,0.7140943971665694f,0f,0f,0f,1f], start_interpolation: 0, interpolation_duration: 1 }
$data merge entity $(bone_tail_2) { transformation: [-0.9995232228795492f,0.008112752756867788f,-0.029791108861285994f,0.005192088172887195f,0.00013413973130698125f,0.9659950628626078f,0.25856047751270705f,-0.18655108472370144f,0.030875701303963013f,0.2584332056214381f,-0.9655355867606413f,0.473675366142158f,0f,0f,0f,1f], start_interpolation: 0, interpolation_duration: 1 }
$data merge entity $(bone_tail_1) { transformation: [-0.998867339183008f,-3.169619151431765e-17f,-0.04758191582374217f,-0.04089186487150123f,-0.0123151060176495f,0.9659258262890683f,0.25852589091144185f,-0.1061465908769274f,0.04596060135846504f,0.25881904510252074f,-0.96483175995351f,0.17360170994913812f,0f,0f,0f,1f], start_interpolation: 0, interpolation_duration: 1 }
$data merge entity $(bone_tail_entire) { transformation: [-0.998867339183008f,-3.169619151431765e-17f,-0.04758191582374217f,-0.01562500000000001f,-0.0123151060176495f,0.9659258262890683f,0.25852589091144185f,0.0322021298004212f,0.04596060135846504f,0.25881904510252074f,-0.96483175995351f,0.07986980422058554f,0f,0f,0f,1f], start_interpolation: 0, interpolation_duration: 1 }
$data merge entity $(bone_dorsal_fin) { transformation: [-0.9995777956994731f,-0.02905564221596707f,1.1829179713786698e-16f,-0.015624999999999969f,-0.028065595215817498f,0.9655180082512191f,0.25881904510252074f,0.5076576468911747f,-0.007520153573177201f,0.2587097705886202f,-0.9659258262890683f,-0.24566560286743658f,0f,0f,0f,1f], start_interpolation: 0, interpolation_duration: 1 }
$data merge entity $(bone_upper_jaw) { transformation: [-0.9998352674223817f,-0.017310370369594975f,-0.005457938812579812f,-0.0065228098826308305f,-0.017531966679949305f,0.8432396908951277f,0.5372517602050482f,0.634049537593091f,-0.00469767631362189f,0.537258945739163f,-0.843404266683834f,-0.7779656589857796f,0f,0f,0f,1f], start_interpolation: 0, interpolation_duration: 1 }
$data merge entity $(bone_lower_jaw) { transformation: [-0.9998352674223817f,-0.015718731304110098f,0.009075213749747497f,0.02812524738047387f,-0.017531966679949305f,0.9657880248021339f,-0.25873948537694436f,0.4535161540197303f,-0.00469767631362189f,-0.2588559688996606f,-0.9659045083248501f,-0.8263394333211197f,0f,0f,0f,1f], start_interpolation: 0, interpolation_duration: 1 }
$data merge entity $(bone_neck) { transformation: [-0.9998352674223817f,-0.018150427499494793f,1.1829179713786698e-16f,0.02812524738047387f,-0.017531966679949305f,0.9657667068379157f,0.25881904510252074f,0.4535161540197303f,-0.00469767631362189f,0.2587764091740843f,-0.9659258262890683f,-0.8263394333211197f,0f,0f,0f,1f], start_interpolation: 0, interpolation_duration: 1 }
$data merge entity $(bone_upper_body) { transformation: [-0.9998352674223817f,-0.018150427499494793f,1.1829179713786698e-16f,3.457819391797354e-17f,-0.017531966679949305f,0.9657667068379157f,0.25881904510252074f,0.12925927171386647f,-0.00469767631362189f,0.2587764091740843f,-0.9659258262890683f,-0.2823523806378151f,0f,0f,0f,1f], start_interpolation: 0, interpolation_duration: 1 }