# This file was generated by Animated Java via MC-Build. It is not recommended to edit this file directly.
$data merge entity $(bone_tail_4) { transformation: [-0.9990532549210787f,0.010149462069868097f,0.042303454365929485f,0.029024825603742782f,0.02073453077267468f,0.9659425223822585f,0.2579246453665045f,-0.030672517756866635f,-0.038244909010677154f,0.25855759875411205f,-0.965238465386286f,1.0986847789988499f,0f,0f,0f,1f], start_interpolation: 0, interpolation_duration: 1 }
$data merge entity $(bone_tail_3) { transformation: [-0.9999476283573493f,0.010149462069868097f,-0.0013149000739511776f,0.02544221243379926f,0.009464281076466468f,0.9659425223822585f,0.2585835857851494f,-0.25172218544346325f,0.003894602189929896f,0.25855759875411205f,-0.9659879917474593f,0.7160142819671087f,0f,0f,0f,1f], start_interpolation: 0, interpolation_duration: 1 }
$data merge entity $(bone_tail_2) { transformation: [-0.9999024795236624f,0.010149462069868097f,0.00959269837554113f,-0.0034065654574299067f,0.0122843714117034f,0.9659425223822585f,0.2584649641108431f,-0.18672205780913675f,-0.0066427149156895494f,0.25855759875411205f,-0.9659730029690562f,0.4743134463837294f,0f,0f,0f,1f], start_interpolation: 0, interpolation_duration: 1 }
$data merge entity $(bone_tail_1) { transformation: [-0.9996927038089853f,-3.169619151431765e-17f,-0.024789069185432815f,-0.042393546571908455f,-0.006415883215554074f,0.9659258262890683f,0.25873951099579867f,-0.10606645697343575f,0.02394440213587607f,0.25881904510252074f,-0.9656290009618469f,0.17330264614989838f,0f,0f,0f,1f], start_interpolation: 0, interpolation_duration: 1 }
$data merge entity $(bone_tail_entire) { transformation: [-0.9993628256569916f,-3.169619151431765e-17f,-0.03569233383898032f,-0.01562500000000001f,-0.009237855761685307f,0.9659258262890683f,0.2586541322474995f,0.0322021298004212f,0.034476147055602334f,0.25881904510252074f,-0.9653103631353077f,0.07986980422058554f,0f,0f,0f,1f], start_interpolation: 0, interpolation_duration: 1 }
$data merge entity $(bone_dorsal_fin) { transformation: [-0.9999407427398211f,-0.01088627617391779f,1.1829179713786698e-16f,-0.015624999999999969f,-0.010515335308502509f,0.9658685881710665f,0.25881904510252074f,0.5076576468911747f,-0.0028175756040558398f,0.25880370819502585f,-0.9659258262890683f,-0.24566560286743658f,0f,0f,0f,1f], start_interpolation: 0, interpolation_duration: 1 }
$data merge entity $(bone_upper_jaw) { transformation: [-0.9999963407854765f,-0.002580049496019331f,-0.0008134864813426027f,-0.0009722017490665404f,-0.002613077642537367f,0.843388074871891f,0.5372985454932107f,0.6341054509241978f,-0.0007001720440778319f,0.5372987051059065f,-0.8433917306036531f,-0.7779506770538634f,0f,0f,0f,1f], start_interpolation: 0, interpolation_duration: 1 }
$data merge entity $(bone_lower_jaw) { transformation: [-0.9999963407854765f,-0.0023428213211696925f,0.0013526285204406528f,0.03078491959564481f,-0.002613077642537367f,0.9659227652964606f,-0.25881727783761466f,0.4530766798956665f,-0.0007001720440778319f,-0.25881986529301804f,-0.9659253527518639f,-0.826457190057757f,0f,0f,0f,1f], start_interpolation: 0, interpolation_duration: 1 }
$data merge entity $(bone_neck) { transformation: [-0.9999963407854765f,-0.0027052570408811014f,1.1829179713786698e-16f,0.03078491959564481f,-0.002613077642537367f,0.9659222917592561f,0.25881904510252074f,0.4530766798956665f,-0.0007001720440778319f,0.25881809802811195f,-0.9659258262890683f,-0.826457190057757f,0f,0f,0f,1f], start_interpolation: 0, interpolation_duration: 1 }
$data merge entity $(bone_upper_body) { transformation: [-0.9999963407854765f,-0.0027052570408811014f,1.1829179713786698e-16f,3.457819391797354e-17f,-0.002613077642537367f,0.9659222917592561f,0.25881904510252074f,0.12925927171386647f,-0.0007001720440778319f,0.25881809802811195f,-0.9659258262890683f,-0.2823523806378151f,0f,0f,0f,1f], start_interpolation: 0, interpolation_duration: 1 }