# This file was generated by Animated Java via MC-Build. It is not recommended to edit this file directly.
$data merge entity $(bone_tail_4) { transformation: [-0.9933858549716076f,0.012183227296422355f,0.11417579478581291f,-0.011349524727217248f,0.04124093342892143f,0.9658619994919506f,0.25575336429326306f,-0.030662659652288787f,-0.10716216007639837f,0.258770490802284f,-0.9599760958157789f,1.0994231842680016f,0f,0f,0f,1f], start_interpolation: 0, interpolation_duration: 1 }
$data merge entity $(bone_tail_3) { transformation: [-0.9974206499744653f,0.012183227296422355f,0.0707362423172095f,0.006948292466778732f,0.030045876131444f,0.9658619994919506f,0.2573088480113056f,-0.25208551948999036f,-0.06518659626034477f,0.258770490802284f,-0.9637367590571275f,0.7173896686869354f,0f,0f,0f,1f], start_interpolation: 0, interpolation_duration: 1 }
$data merge entity $(bone_tail_2) { transformation: [-0.9987263938637586f,0.012183227296422355f,0.0489607921967789f,-0.012021709292269f,0.02442556308882234f,0.9658619994919506f,0.2579030628069492f,-0.18684645494172736f,-0.04414727701327021f,0.258770490802284f,-0.9649294539095895f,0.4747777028028734f,0f,0f,0f,1f], start_interpolation: 0, interpolation_duration: 1 }
$data merge entity $(bone_tail_1) { transformation: [-0.9999980332042876f,-3.169619151431765e-17f,-0.0019833273951804058f,-0.04389143764089686f,-0.0005133229025462921f,0.9659258262890683f,0.25881853605833255f,-0.10598170376420302f,0.001915747152991372f,0.25881904510252074f,-0.9659239265102947f,0.17298634286693731f,0f,0f,0f,1f], start_interpolation: 0, interpolation_duration: 1 }
$data merge entity $(bone_tail_entire) { transformation: [-0.999716794693129f,-3.169619151431765e-17f,-0.023797697546107423f,-0.01562500000000001f,-0.006159297354522155f,0.9659258262890683f,0.25874574617542845f,0.0322021298004212f,0.02298681066600114f,0.25881904510252074f,-0.9656522709690195f,0.07986980422058554f,0f,0f,0f,1f], start_interpolation: 0, interpolation_duration: 1 }
$data merge entity $(bone_dorsal_fin) { transformation: [-0.9999734517574052f,0.007286685143496517f,1.1829179713786698e-16f,-0.015624999999999969f,0.0070383973681401825f,0.9659001826559034f,0.25881904510252074f,0.5076576468911747f,0.0018859328908023786f,0.2588121739117232f,-0.9659258262890683f,-0.24566560286743658f,0f,0f,0f,1f], start_interpolation: 0, interpolation_duration: 1 }
$data merge entity $(bone_upper_jaw) { transformation: [-0.9999188357864599f,0.012150886923791597f,0.0038311599308770918f,0.004578638331647414f,0.01230643482093979f,0.8433166757295862f,0.537276033430115f,0.6340785466453699f,0.003297499271976942f,0.5372795737633856f,-0.8433977626927796f,-0.7779578860336482f,0f,0f,0f,1f], start_interpolation: 0, interpolation_duration: 1 }
$data merge entity $(bone_lower_jaw) { transformation: [-0.9999188357864599f,0.0110336476102895f,-0.006370279417943976f,0.033437247168245254f,0.01230643482093979f,0.965857931101162f,-0.25877984579750635f,0.4525975778673956f,0.003297499271976942f,-0.2588372375632902f,-0.9659153228669458f,-0.8265855650593242f,0f,0f,0f,1f], start_interpolation: 0, interpolation_duration: 1 }
$data merge entity $(bone_neck) { transformation: [-0.9999188357864599f,0.012740558835888158f,1.1829179713786698e-16f,0.033437247168245254f,0.01230643482093979f,0.9658474276790395f,0.25881904510252074f,0.4525975778673956f,0.003297499271976942f,0.2587980382582758f,-0.9659258262890683f,-0.8265855650593242f,0f,0f,0f,1f], start_interpolation: 0, interpolation_duration: 1 }
$data merge entity $(bone_upper_body) { transformation: [-0.9999188357864599f,0.012740558835888158f,1.1829179713786698e-16f,3.457819391797354e-17f,0.01230643482093979f,0.9658474276790395f,0.25881904510252074f,0.12925927171386647f,0.003297499271976942f,0.2587980382582758f,-0.9659258262890683f,-0.2823523806378151f,0f,0f,0f,1f], start_interpolation: 0, interpolation_duration: 1 }