# This file was generated by Animated Java via MC-Build. It is not recommended to edit this file directly.
$data merge entity $(bone_tail_4) { transformation: [-0.982550619102364f,0.014210869616004079f,0.185451697447929f,-0.05165189678046841f,0.061542451401633044f,0.9657535169332497f,0.2520568808950414f,-0.030018624812427785f,-0.1755186815613623f,0.25907179644997325f,-0.9497762877157677f,1.0980938354362872f,0f,0f,0f,1f], start_interpolation: 0, interpolation_duration: 1 }
$data merge entity $(bone_tail_3) { transformation: [-0.9897047380569103f,0.014210869616004079f,0.14241693246401352f,-0.011587502140465458f,0.05048930989873023f,0.9657535169332497f,0.25450142262276143f,-0.2522849042844554f,-0.13392296686398653f,0.25907179644997325f,-0.9565283285039347f,0.7182187963881912f,0f,0f,0f,1f], start_interpolation: 0, interpolation_duration: 1 }
$data merge entity $(bone_tail_2) { transformation: [-0.9959968143660928f,0.014210869616004079f,0.0882518949221592f,-0.02064942885886606f,0.03654021301115054f,0.9657535169332497f,0.25687537321463727f,-0.18692417932419764f,-0.08157915546078323f,0.25907179644997325f,-0.9624066945312095f,0.4750677741472394f,0f,0f,0f,1f], start_interpolation: 0, interpolation_duration: 1 }
$data merge entity $(bone_tail_1) { transformation: [-0.999783168538064f,-3.169619151431765e-17f,0.02082344611223432f,-0.045385325965607334f,0.005389504438512256f,0.9659258262890683f,0.25876292499059433f,-0.10589234325093341f,-0.02011390439214583f,0.25881904510252074f,-0.9657163831800323f,0.17265284489122473f,0f,0f,0f,1f], start_interpolation: 0, interpolation_duration: 1 }
$data merge entity $(bone_tail_entire) { transformation: [-0.9999291961666908f,-3.169619151431765e-17f,-0.011899691316814065f,-0.01562500000000001f,-0.0030798667436326044f,0.9659258262890683f,0.2588007197219941f,0.0322021298004212f,0.011494219167778468f,0.25881904510252074f,-0.9658574350378747f,0.07986980422058554f,0f,0f,0f,1f], start_interpolation: 0, interpolation_duration: 1 }
$data merge entity $(bone_dorsal_fin) { transformation: [-0.9996759119498239f,0.025457239977815033f,1.1829179713786698e-16f,-0.015624999999999969f,0.02458980556061012f,0.9656127812714115f,0.25881904510252074f,0.5076576468911747f,0.006588818542003689f,0.258735164942845f,-0.9659258262890683f,-0.24566560286743658f,0f,0f,0f,1f], start_interpolation: 0, interpolation_duration: 1 }
$data merge entity $(bone_upper_jaw) { transformation: [-0.9996027709164154f,0.02687892439429423f,0.008474892307890858f,0.01012838604433031f,0.027223011224610322f,0.8430255105025662f,0.537184229386672f,0.6339688311754097f,0.007294383873177601f,0.5372015562759416f,-0.843422361512082f,-0.7779872842052213f,0f,0f,0f,1f], start_interpolation: 0, interpolation_duration: 1 }
$data merge entity $(bone_lower_jaw) { transformation: [-0.9996027709164154f,0.024407484142541253f,-0.014091667539937576f,0.03608159730799166f,0.027223011224610322f,0.965593537684331f,-0.258627198187127f,0.452078962238713f,0.007294383873177601f,-0.25890808156581413f,-0.9658744210630181f,-0.8267245276982119f,0f,0f,0f,1f], start_interpolation: 0, interpolation_duration: 1 }
$data merge entity $(bone_neck) { transformation: [-0.9996027709164154f,0.02818333507987536f,1.1829179713786698e-16f,0.03608159730799166f,0.027223011224610322f,0.9655421324582808f,0.25881904510252074f,0.452078962238713f,0.007294383873177601f,0.25871623465042043f,-0.9659258262890683f,-0.8267245276982119f,0f,0f,0f,1f], start_interpolation: 0, interpolation_duration: 1 }
$data merge entity $(bone_upper_body) { transformation: [-0.9996027709164154f,0.02818333507987536f,1.1829179713786698e-16f,3.457819391797354e-17f,0.027223011224610322f,0.9655421324582808f,0.25881904510252074f,0.12925927171386647f,0.007294383873177601f,0.25871623465042043f,-0.9659258262890683f,-0.2823523806378151f,0f,0f,0f,1f], start_interpolation: 0, interpolation_duration: 1 }