# This file was generated by Animated Java via MC-Build. It is not recommended to edit this file directly.
$data merge entity $(bone_tail_4) { transformation: [-0.9666040575625101f,0.016229213215880365f,0.25576006049046296f,-0.09174730876654996f,0.0815291723522313f,0.9656171226091769f,0.24685333009610005f,-0.028744257377990606f,-0.24296005836197015f,0.259461336546252f,-0.934692583087285f,1.0947074707223174f,0f,0f,0f,1f], start_interpolation: 0, interpolation_duration: 1 }
$data merge entity $(bone_tail_3) { transformation: [-0.9768401618327487f,0.016229213215880365f,0.2133539567689407f,-0.03014582640621861f,0.07068398361765249f,0.9656171226091769f,0.25017463297447523f,-0.25232003538883485f,-0.20195809637275985f,0.259461336546252f,-0.9444007317591002f,0.7185005743768949f,0f,0f,0f,1f], start_interpolation: 0, interpolation_duration: 1 }
$data merge entity $(bone_tail_2) { transformation: [-0.9917180126712156f,0.016229213215880365f,0.12740485069983837f,-0.029285801627234508f,0.04861085376639604f,0.9656171226091769f,0.25538315805878037f,-0.18695515669393992f,-0.11887963761534887f,0.259461336546252f,-0.9584088097456513f,0.4751833832650024f,0f,0f,0f,1f], start_interpolation: 0, interpolation_duration: 1 }
$data merge entity $(bone_tail_1) { transformation: [-0.9990482215818578f,-3.169619151431765e-17f,0.04361938736533612f,-0.04687500000000003f,0.011289528185853222f,0.9659258262890683f,0.258572706721188f,-0.10579838808776074f,-0.042133092783085246f,0.25881904510252074f,-0.9650064789340802f,0.17230219944863087f,0f,0f,0f,1f], start_interpolation: 0, interpolation_duration: 1 }
$data merge entity $(bone_tail_entire) { transformation: [-1f,-3.169619151431765e-17f,1.1829179713786698e-16f,-0.01562500000000001f,0f,0.9659258262890683f,0.25881904510252074f,0.0322021298004212f,-1.2246467991473532e-16f,0.25881904510252074f,-0.9659258262890683f,0.07986980422058554f,0f,0f,0f,1f], start_interpolation: 0, interpolation_duration: 1 }
$data merge entity $(bone_dorsal_fin) { transformation: [-0.9990482215818578f,0.043619387365335965f,1.1829179713786698e-16f,-0.015624999999999969f,0.04213309278308512f,0.9650064789340802f,0.25881904510252074f,0.5076576468911747f,0.011289528185853099f,0.258572706721188f,-0.9659258262890683f,-0.24566560286743658f,0f,0f,0f,1f], start_interpolation: 0, interpolation_duration: 1 }
$data merge entity $(bone_upper_jaw) { transformation: [-0.9990482215818578f,0.04160054911157392f,0.013116602751580051f,0.01567571733441772f,0.04213309278308512f,0.842514648656808f,0.5370231552654199f,0.63377633069015f,0.011289528185853099f,0.5370646712569269f,-0.843465521192793f,-0.7780388645547892f,0f,0f,0f,1f], start_interpolation: 0, interpolation_duration: 1 }
$data merge entity $(bone_lower_jaw) { transformation: [-0.9990482215818578f,0.03777549755589499f,-0.021809693682667875f,0.03871733912785028f,0.04213309278308512f,0.9651296481247467f,-0.25835937142502663f,0.45152095674053866f,0.011289528185853099f,-0.25903238039868204f,-0.965802657098402f,-0.8268740448208198f,0f,0f,0f,1f], start_interpolation: 0, interpolation_duration: 1 }
$data merge entity $(bone_neck) { transformation: [-0.9990482215818578f,0.043619387365335965f,1.1829179713786698e-16f,0.03871733912785028f,0.04213309278308512f,0.9650064789340802f,0.25881904510252074f,0.45152095674053866f,0.011289528185853099f,0.258572706721188f,-0.9659258262890683f,-0.8268740448208198f,0f,0f,0f,1f], start_interpolation: 0, interpolation_duration: 1 }
$data merge entity $(bone_upper_body) { transformation: [-0.9990482215818578f,0.043619387365335965f,1.1829179713786698e-16f,3.457819391797354e-17f,0.04213309278308512f,0.9650064789340802f,0.25881904510252074f,0.12925927171386647f,0.011289528185853099f,0.258572706721188f,-0.9659258262890683f,-0.2823523806378151f,0f,0f,0f,1f], start_interpolation: 0, interpolation_duration: 1 }