# This file was generated by Animated Java via MC-Build. It is not recommended to edit this file directly.
$data merge entity $(bone_tail_4) { transformation: [-0.9330092409374353f,0.010721883139954144f,0.35969264316536187f,-0.18621894613626344f,0.10328985072507749f,0.965474441439408f,0.2391449553397573f,-0.02605455293127995f,-0.34470996948527954f,0.26027705267502255f,-0.9019040374608939f,1.0840028958585326f,0f,0f,0f,1f], start_interpolation: 0, interpolation_duration: 1 }
$data merge entity $(bone_tail_3) { transformation: [-0.9478107956126753f,0.010721883139954144f,0.31865300397454444f,-0.08999047087545395f,0.09276018523091337f,0.965474441439408f,0.2434227823421422f,-0.2516956963991755f,-0.30504138039943773f,0.26027705267502255f,-0.9160816623504747f,0.7163907974130647f,0f,0f,0f,1f], start_interpolation: 0, interpolation_duration: 1 }
$data merge entity $(bone_tail_2) { transformation: [-0.9742918002022096f,0.010721883139954144f,0.22503450686654958f,-0.0641784629151356f,0.06866479227557583f,0.965474441439408f,0.2512851950056257f,-0.18672862288915731f,-0.21457081432592362f,0.26027705267502255f,-0.9413900474778314f,0.47433794759592174f,0f,0f,0f,1f], start_interpolation: 0, interpolation_duration: 1 }
$data merge entity $(bone_tail_1) { transformation: [-0.989962083714808f,-3.169619151431765e-17f,0.1413331978235676f,-0.05094815371135847f,0.0365797233019814f,0.9659258262890683f,0.2562210411947683f,-0.10551643116260528f,-0.1365173858898059f,0.25881904510252074f,-0.9562299437070737f,0.17124992187840485f,0f,0f,0f,1f], start_interpolation: 0, interpolation_duration: 1 }
$data merge entity $(bone_tail_entire) { transformation: [-0.9994645874763657f,-3.169619151431765e-17f,0.032719082821776255f,-0.01562500000000001f,0.00846832177256239f,0.9659258262890683f,0.25868047014441775f,0.0322021298004212f,-0.0316042071100447f,0.25881904510252074f,-0.9654086575047713f,0.07986980422058554f,0f,0f,0f,1f], start_interpolation: 0, interpolation_duration: 1 }
$data merge entity $(bone_dorsal_fin) { transformation: [-0.9953961983671789f,0.09584575252022395f,1.1829179713786698e-16f,-0.015624999999999969f,0.0925798876993949f,0.9614788953928146f,0.25881904510252074f,0.5076576468911747f,0.02480670614441677f,0.25762749356007253f,-0.9659258262890683f,-0.24566560286743658f,0f,0f,0f,1f], start_interpolation: 0, interpolation_duration: 1 }
$data merge entity $(bone_upper_jaw) { transformation: [-0.9975640502598242f,0.06652793143419587f,0.020976176207826137f,0.025068732751795123f,0.06737957954030593f,0.8411474005983459f,0.5365920636084897f,0.6332611309019693f,0.01805430392417345f,0.5366983182438089f,-0.8435810318541314f,-0.7781769119219729f,0f,0f,0f,1f], start_interpolation: 0, interpolation_duration: 1 }
$data merge entity $(bone_lower_jaw) { transformation: [-0.9975640502598242f,0.06041087834083475f,-0.034878236872062526f,0.04316327049539114f,0.06737957954030593f,0.9638881146163254f,-0.2576425717197317f,0.4504856041306804f,0.01805430392417345f,-0.2593650482996397f,-0.9656105911962333f,-0.8271514667165129f,0f,0f,0f,1f], start_interpolation: 0, interpolation_duration: 1 }
$data merge entity $(bone_neck) { transformation: [-0.9975640502598242f,0.06975647374412527f,1.1829179713786698e-16f,0.04316327049539114f,0.06737957954030593f,0.9635728795234904f,0.25881904510252074f,0.4504856041306804f,0.01805430392417345f,0.2581885749168507f,-0.9659258262890683f,-0.8271514667165129f,0f,0f,0f,1f], start_interpolation: 0, interpolation_duration: 1 }
$data merge entity $(bone_upper_body) { transformation: [-0.9975640502598242f,0.06975647374412527f,1.1829179713786698e-16f,3.457819391797354e-17f,0.06737957954030593f,0.9635728795234904f,0.25881904510252074f,0.12925927171386647f,0.01805430392417345f,0.2581885749168507f,-0.9659258262890683f,-0.2823523806378151f,0f,0f,0f,1f], start_interpolation: 0, interpolation_duration: 1 }