# This file was generated by Animated Java via MC-Build. It is not recommended to edit this file directly.
$data merge entity $(bone_tail_4) { transformation: [-0.9193065693551032f,0.008888588693832746f,0.393441767650033f,-0.21739727692336583f,0.1103179276538248f,0.9654820495665563f,0.23595416250392243f,-0.02462052540569254f,-0.3777636647147475f,0.2603178921161468f,-0.8885545614454353f,1.0783867091047228f,0f,0f,0f,1f], start_interpolation: 0, interpolation_duration: 1 }
$data merge entity $(bone_tail_3) { transformation: [-0.935593282071564f,0.008888588693832746f,0.3529677089105896f,-0.10987255185562932f,0.09992075341642767f,0.9654820495665563f,0.24054158684405366f,-0.2511644200064746f,-0.33864591180058895f,0.2603178921161468f,-0.9041866740142511f,0.7144790321889734f,0f,0f,0f,1f], start_interpolation: 0, interpolation_duration: 1 }
$data merge entity $(bone_tail_2) { transformation: [-0.9663353704431986f,0.008888588693832746f,0.2571321543903798f,-0.07578749358438433f,0.0752349151384197f,0.9654820495665563f,0.2493674387502842f,-0.18647146922082794f,-0.24603995483360222f,0.2603178921161468f,-0.9336481862402374f,0.47337823704036397f,0f,0f,0f,1f], start_interpolation: 0, interpolation_duration: 1 }
$data merge entity $(bone_tail_1) { transformation: [-0.9848077530122081f,-3.169619151431765e-17f,0.17364817766693044f,-0.05229768034510007f,0.044943455527547777f,0.9659258262890683f,0.25488700224417876f,-0.10541479803428622f,-0.16773125949652073f,0.25881904510252074f,-0.9512512425641977f,0.17087062187978594f,0f,0f,0f,1f], start_interpolation: 0, interpolation_duration: 1 }
$data merge entity $(bone_tail_entire) { transformation: [-0.9990482215818578f,-3.169619151431765e-17f,0.04361938736533612f,-0.01562500000000001f,0.011289528185853222f,0.9659258262890683f,0.258572706721188f,0.0322021298004212f,-0.042133092783085246f,0.25881904510252074f,-0.9650064789340802f,0.07986980422058554f,0f,0f,0f,1f], start_interpolation: 0, interpolation_duration: 1 }
$data merge entity $(bone_dorsal_fin) { transformation: [-0.9935718556765875f,0.11320321376790668f,1.1829179713786698e-16f,-0.015624999999999969f,0.10934590779734332f,0.9597167156719707f,0.25881904510252074f,0.5076576468911747f,0.02929914768994602f,0.2571553189269539f,-0.9659258262890683f,-0.24566560286743658f,0f,0f,0f,1f], start_interpolation: 0, interpolation_duration: 1 }
$data merge entity $(bone_upper_jaw) { transformation: [-0.996917333733128f,0.07482776953602345f,0.023593105109224015f,0.02819623752719437f,0.07578566687081173f,0.8405516325071735f,0.5364042186508902f,0.633036636456739f,0.020306708235887972f,0.536538682664903f,-0.8436313647588224f,-0.7782370650272777f,0f,0f,0f,1f], start_interpolation: 0, interpolation_duration: 1 }
$data merge entity $(bone_lower_jaw) { transformation: [-0.996917333733128f,0.06794757005826887f,-0.03922954786392235f,0.0446388237573837f,0.07578566687081173f,0.9633471256978473f,-0.25733023162201984f,0.45011554699301365f,0.020306708235887972f,-0.25951000584346007f,-0.9655268999192875f,-0.827250623227704f,0f,0f,0f,1f], start_interpolation: 0, interpolation_duration: 1 }
$data merge entity $(bone_neck) { transformation: [-0.996917333733128f,0.07845909572784492f,1.1829179713786698e-16f,0.0446388237573837f,0.07578566687081173f,0.9629481993280665f,0.25881904510252074f,0.45011554699301365f,0.020306708235887972f,0.2580211923629592f,-0.9659258262890683f,-0.827250623227704f,0f,0f,0f,1f], start_interpolation: 0, interpolation_duration: 1 }
$data merge entity $(bone_upper_body) { transformation: [-0.996917333733128f,0.07845909572784492f,1.1829179713786698e-16f,3.457819391797354e-17f,0.07578566687081173f,0.9629481993280665f,0.25881904510252074f,0.12925927171386647f,0.020306708235887972f,0.2580211923629592f,-0.9659258262890683f,-0.2823523806378151f,0f,0f,0f,1f], start_interpolation: 0, interpolation_duration: 1 }