# This file was generated by Animated Java via MC-Build. It is not recommended to edit this file directly.
$data merge entity $(bone_tail_4) { transformation: [-0.9256725927066115f,0.007134669858319066f,0.3782583080354382f,-0.20030181723947096f,0.10468477222641952f,0.9656142758708415f,0.2379709408695375f,-0.025498717001922577f,-0.3635537781067917f,0.25988106264297717f,-0.894589561588908f,1.0813787837858384f,0f,0f,0f,1f], start_interpolation: 0, interpolation_duration: 1 }
$data merge entity $(bone_tail_3) { transformation: [-0.941290953172962f,0.007134669858319066f,0.3375210185466225f,-0.09705608327437615f,0.09420498886802445f,0.9656142758708415f,0.24231073089486901f,-0.25153107480691395f,-0.3241863068470229f,0.25988106264297717f,-0.9095961036264639f,0.715917169326638f,0f,0f,0f,1f], start_interpolation: 0, interpolation_duration: 1 }
$data merge entity $(bone_tail_2) { transformation: [-0.9712555157103671f,0.007134669858319066f,0.23793238469826183f,-0.06792472196575966f,0.06852891790548174f,0.9656142758708415f,0.25078448445853657f,-0.1866934250077335f,-0.2279616428544342f,0.25988106264297717f,-0.9383471226932303f,0.47420658731412935f,0f,0f,0f,1f], start_interpolation: 0, interpolation_duration: 1 }
$data merge entity $(bone_tail_1) { transformation: [-0.988109162180885f,-3.169619151431765e-17f,0.15375397105177332f,-0.050755017330233146f,0.03979445596834055f,0.9659258262890683f,0.25574146981270846f,-0.10553063894225145f,-0.14851493153340964f,0.25881904510252074f,-0.9544401589433702f,0.1713029460339071f,0f,0f,0f,1f], start_interpolation: 0, interpolation_duration: 1 }
$data merge entity $(bone_tail_entire) { transformation: [-0.9995143610285276f,-3.169619151431765e-17f,0.031161548384733215f,-0.01562500000000001f,0.008065202196852618f,0.9659258262890683f,0.2586933524876597f,0.0322021298004212f,-0.03009974437197022f,0.25881904510252074f,-0.9654567350642707f,0.07986980422058554f,0f,0f,0f,1f], start_interpolation: 0, interpolation_duration: 1 }
$data merge entity $(bone_dorsal_fin) { transformation: [-0.9914448613738104f,0.13052619222005155f,1.1829179713786698e-16f,-0.015624999999999969f,0.12607862007251908f,0.9576621969425486f,0.25881904510252074f,0.5076576468911747f,0.033782664431261704f,0.25660481229257065f,-0.9659258262890683f,-0.24566560286743658f,0f,0f,0f,1f], start_interpolation: 0, interpolation_duration: 1 }
$data merge entity $(bone_upper_jaw) { transformation: [-0.9961946980917455f,0.08312190921349338f,0.02620823730432341f,0.031321595049939754f,0.0841859828293692f,0.8398859262217954f,0.5361943222653613f,0.6327857882400642f,0.022557566113149716f,0.5363603072033396f,-0.843687606325819f,-0.7783042796043584f,0f,0f,0f,1f], start_interpolation: 0, interpolation_duration: 1 }
$data merge entity $(bone_lower_jaw) { transformation: [-0.9961946980917455f,0.07547908730517337f,-0.043577871373828965f,0.046110977600120895f,0.0841859828293692f,0.9627426292021689f,-0.25698122540751567f,0.4497330662330729f,0.022557566113149716f,-0.25967198019130455f,-0.9654333839859577f,-0.8273531086384506f,0f,0f,0f,1f], start_interpolation: 0, interpolation_duration: 1 }
$data merge entity $(bone_neck) { transformation: [-0.9961946980917455f,0.08715574274765815f,1.1829179713786698e-16f,0.046110977600120895f,0.0841859828293692f,0.9622501868990583f,0.25881904510252074f,0.4497330662330729f,0.022557566113149716f,0.25783416049629954f,-0.9659258262890683f,-0.8273531086384506f,0f,0f,0f,1f], start_interpolation: 0, interpolation_duration: 1 }
$data merge entity $(bone_upper_body) { transformation: [-0.9961946980917455f,0.08715574274765815f,1.1829179713786698e-16f,3.457819391797354e-17f,0.0841859828293692f,0.9622501868990583f,0.25881904510252074f,0.12925927171386647f,0.022557566113149716f,0.25783416049629954f,-0.9659258262890683f,-0.2823523806378151f,0f,0f,0f,1f], start_interpolation: 0, interpolation_duration: 1 }