# This file was generated by Animated Java via MC-Build. It is not recommended to edit this file directly.
$data merge entity $(bone_tail_4) { transformation: [-0.9317847047739461f,0.005366669777641366f,0.36297171075006357f,-0.1831581675228326f,0.09902770993522655f,0.965724854562386f,0.23993544537113135f,-0.02630389851319101f,-0.3492431482711074f,0.25951243541679514f,-0.9003790975193331f,1.0840773403022719f,0f,0f,0f,1f], start_interpolation: 0, interpolation_duration: 1 }
$data merge entity $(bone_tail_3) { transformation: [-0.9467304558554529f,0.005366669777641366f,0.3219823641307455f,-0.08421576303748757f,0.08846762036379435f,0.965724854562386f,0.24402660803204654f,-0.2518346005539221f,-0.3096367615495515f,0.25951243541679514f,-0.9147559082952947f,0.7171184828922439f,0f,0f,0f,1f], start_interpolation: 0, interpolation_duration: 1 }
$data merge entity $(bone_tail_2) { transformation: [-0.9757910781595768f,0.005366669777641366f,0.21863890467999586f,-0.06004950805997538f,0.06179855267180101f,0.965724854562386f,0.2521040344146225f,-0.18687738717927269f,-0.20979206532145397f,0.25951243541679514f,-0.9426773494638568f,0.47489314348498424f,0f,0f,0f,1f], start_interpolation: 0, interpolation_duration: 1 }
$data merge entity $(bone_tail_1) { transformation: [-0.9910087283413882f,-3.169619151431765e-17f,0.13379723596242443f,-0.049206894582386126f,0.03462927284915131f,0.9659258262890683f,0.2564919327575815f,-0.1056414934159925f,-0.12923820570219827f,0.25881904510252074f,-0.9572409247828342f,0.1717166605621549f,0f,0f,0f,1f], start_interpolation: 0, interpolation_duration: 1 }
$data merge entity $(bone_tail_entire) { transformation: [-0.9998251609127464f,-3.169619151431765e-17f,0.018698866430902388f,-0.01562500000000001f,0.004839622754145706f,0.9659258262890683f,0.25877379341691115f,0.0322021298004212f,-0.018061718007938318f,0.25881904510252074f,-0.9657569446992452f,0.07986980422058554f,0f,0f,0f,1f], start_interpolation: 0, interpolation_duration: 1 }
$data merge entity $(bone_dorsal_fin) { transformation: [-0.9940563382223196f,0.10886687485196454f,1.1829179713786698e-16f,-0.015624999999999969f,0.10515732604689247f,0.9601846898752797f,0.25881904510252074f,0.5076576468911747f,0.02817682059248098f,0.25728071223680915f,-0.9659258262890683f,-0.24566560286743658f,0f,0f,0f,1f], start_interpolation: 0, interpolation_duration: 1 }
$data merge entity $(bone_upper_jaw) { transformation: [-0.9977126814864458f,0.06446876302835815f,0.02032692290336764f,0.02429280689112193f,0.06529405097513082f,0.8412843226322165f,0.5366352349599399f,0.6333127251992959f,0.017495488229342736f,0.5367350063922105f,-0.843569464125374f,-0.7781630872716703f,0f,0f,0f,1f], start_interpolation: 0, interpolation_duration: 1 }
$data merge entity $(bone_lower_jaw) { transformation: [-0.9977126814864458f,0.058541044582792905f,-0.033798687848517216f,0.04279682024437936f,0.06529405097513082f,0.9640124470606389f,-0.25771435508992513f,0.4505754524318461f,0.017495488229342736f,-0.2593317335215929f,-0.9656298254923066f,-0.8271273919367742f,0f,0f,0f,1f], start_interpolation: 0, interpolation_duration: 1 }
$data merge entity $(bone_neck) { transformation: [-0.9977126814864458f,0.06759737569703465f,1.1829179713786698e-16f,0.04279682024437936f,0.06529405097513082f,0.9637164462638772f,0.25881904510252074f,0.4505754524318461f,0.017495488229342736f,0.25822704350899733f,-0.9659258262890683f,-0.8271273919367742f,0f,0f,0f,1f], start_interpolation: 0, interpolation_duration: 1 }
$data merge entity $(bone_upper_body) { transformation: [-0.9977126814864458f,0.06759737569703465f,1.1829179713786698e-16f,3.457819391797354e-17f,0.06529405097513082f,0.9637164462638772f,0.25881904510252074f,0.12925927171386647f,0.017495488229342736f,0.25822704350899733f,-0.9659258262890683f,-0.2823523806378151f,0f,0f,0f,1f], start_interpolation: 0, interpolation_duration: 1 }