# This file was generated by Animated Java via MC-Build. It is not recommended to edit this file directly.
$data merge entity $(bone_tail_4) { transformation: [-0.9376412190422259f,0.0035867659519380414f,0.3475860748980238f,-0.1659717132891057f,0.09334793766949578f,0.965813690125252f,0.24184722140122997f,-0.027035874123572445f,-0.3348359402541198f,0.25921236675098974f,-0.9059215429812286f,1.0864816654072826f,0f,0f,0f,1f], start_interpolation: 0, interpolation_duration: 1 }
$data merge entity $(bone_tail_3) { transformation: [-0.9519102840097545f,0.0035867659519380414f,0.30635591443038035f,-0.07135635438959248f,0.08270986348351343f,0.965813690125252f,0.24568881628837358f,-0.25207489719759696f,-0.29500150792666646f,0.25921236675098974f,-0.9196646449898699f,0.718082599238264f,0f,0f,0f,1f], start_interpolation: 0, interpolation_duration: 1 }
$data merge entity $(bone_tail_2) { transformation: [-0.9799402391822738f,0.0035867659519380414f,0.1992592852074756f,-0.05216466556216964f,0.05504583676054167f,0.965813690125252f,0.2533256240927384f,-0.18702330877564544f,-0.19153872581470277f,0.25921236675098974f,-0.9466371350399426f,0.4754377302965689f,0f,0f,0f,1f], start_interpolation: 0, interpolation_duration: 1 }
$data merge entity $(bone_tail_1) { transformation: [-0.9935052723017489f,-3.169619151431765e-17f,0.11378608837915044f,-0.04765355270311479f,0.029450006740242715f,0.9659258262890683f,0.2571380858814585f,-0.10574734422705706f,-0.10990892143783183f,0.25881904510252074f,-0.9596524010706126f,0.17211170116707022f,0f,0f,0f,1f], start_interpolation: 0, interpolation_duration: 1 }
$data merge entity $(bone_tail_entire) { transformation: [-0.9999805729315382f,-3.169619151431765e-17f,0.006233278392033708f,-0.01562500000000001f,0.0016132911612843097f,0.9659258262890683f,0.2588140170072123f,0.0322021298004212f,-0.006020884581314962f,0.25881904510252074f,-0.9659070611819119f,0.07986980422058554f,0f,0f,0f,1f], start_interpolation: 0, interpolation_duration: 1 }
$data merge entity $(bone_dorsal_fin) { transformation: [-0.9961946980917455f,0.08715574274765815f,1.1829179713786698e-16f,-0.015624999999999969f,0.0841859828293692f,0.9622501868990583f,0.25881904510252074f,0.5076576468911747f,0.022557566113149716f,0.25783416049629954f,-0.9659258262890683f,-0.24566560286743658f,0f,0f,0f,1f], start_interpolation: 0, interpolation_duration: 1 }
$data merge entity $(bone_upper_jaw) { transformation: [-0.9988467111237945f,0.04579080707157641f,0.014437786011459355f,0.017254670034371807f,0.046376991750388105f,0.8423290132261427f,0.5369646246389581f,0.6337063804466916f,0.012426677486901207f,0.5370149303931935f,-0.843481204426886f,-0.7780576076660343f,0f,0f,0f,1f], start_interpolation: 0, interpolation_duration: 1 }
$data merge entity $(bone_lower_jaw) { transformation: [-0.9988467111237945f,0.04158047327633817f,-0.024006497439125737f,0.039466193217318195f,0.046376991750388105f,0.964961081341203f,-0.25826204934717134f,0.4513548804335477f,0.012426677486901207f,-0.25907754773220326f,-0.9657765797262349f,-0.8269185448331601f,0f,0f,0f,1f], start_interpolation: 0, interpolation_duration: 1 }
$data merge entity $(bone_neck) { transformation: [-0.9988467111237945f,0.04801299487825169f,1.1829179713786698e-16f,0.039466193217318195f,0.046376991750388105f,0.9648118347783695f,0.25881904510252074f,0.4513548804335477f,0.012426677486901207f,0.25852055197685386f,-0.9659258262890683f,-0.8269185448331601f,0f,0f,0f,1f], start_interpolation: 0, interpolation_duration: 1 }
$data merge entity $(bone_upper_body) { transformation: [-0.9988467111237945f,0.04801299487825169f,1.1829179713786698e-16f,3.457819391797354e-17f,0.046376991750388105f,0.9648118347783695f,0.25881904510252074f,0.12925927171386647f,0.012426677486901207f,0.25852055197685386f,-0.9659258262890683f,-0.2823523806378151f,0f,0f,0f,1f], start_interpolation: 0, interpolation_duration: 1 }