# This file was generated by Animated Java via MC-Build. It is not recommended to edit this file directly.
$data merge entity $(bone_tail_4) { transformation: [-0.9432405254279871f,0.0017971447687211437f,0.332105527597803f,-0.14874785122619033f,0.08764665930626125f,0.9658807023305594f,0.24370583082453634f,-0.027694472686560417f,-0.3203363455850538f,0.2589811559478906f,-0.9112153349022981f,1.0885911384815459f,0f,0f,0f,1f], start_interpolation: 0, interpolation_duration: 1 }
$data merge entity $(bone_tail_3) { transformation: [-0.9568290091072255f,0.0017971447687211437f,0.29064586286676325f,-0.058482626820552164f,0.0769329400695848f,0.9658807023305594f,0.24729697045793958f,-0.25225188889675415f,-0.28028480169844167f,0.2589811559478906f,-0.9243209349575283f,0.7188092350736025f,0f,0f,0f,1f], start_interpolation: 0, interpolation_duration: 1 }
$data merge entity $(bone_tail_2) { transformation: [-0.9837013385062984f,0.0017971447687211437f,0.17980113150811167f,-0.044273010771846075f,0.04827279657413609f,0.9658807023305594f,0.254448827814823f,-0.18713115705010663f,-0.17320916180106954f,0.2589811559478906f,-0.9502248929238094f,0.47584022553636673f,0f,0f,0f,1f], start_interpolation: 0, interpolation_duration: 1 }
$data merge entity $(bone_tail_1) { transformation: [-0.9955977787705665f,-3.169619151431765e-17f,0.09372866641062362f,-0.046095233105106395f,0.024258763939130283f,0.9659258262890683f,0.2576796664075887f,-0.10584817492463733f,-0.09053493954965407f,0.25881904510252074f,-0.9616736071105205f,0.1724880064534024f,0f,0f,0f,1f], start_interpolation: 0, interpolation_duration: 1 }
$data merge entity $(bone_tail_entire) { transformation: [-0.9999805729315382f,-3.169619151431765e-17f,-0.006233278392033456f,-0.01562500000000001f,-0.0016132911612843056f,0.9659258262890683f,0.2588140170072123f,0.0322021298004212f,0.006020884581314703f,0.25881904510252074f,-0.9659070611819119f,0.07986980422058554f,0f,0f,0f,1f], start_interpolation: 0, interpolation_duration: 1 }
$data merge entity $(bone_dorsal_fin) { transformation: [-0.9978589232386035f,0.06540312923014303f,1.1829179713786698e-16f,-0.015624999999999969f,0.06317457164351666f,0.963857704949168f,0.25881904510252074f,0.5076576468911747f,0.016927575454062267f,0.2582648936596449f,-0.9659258262890683f,-0.24566560286743658f,0f,0f,0f,1f], start_interpolation: 0, interpolation_duration: 1 }
$data merge entity $(bone_upper_jaw) { transformation: [-0.9995963505906357f,0.027095229255562462f,0.008543092968677368f,0.010209892994015212f,0.027442085082621276f,0.8430195959711191f,0.5371823645420699f,0.6339666024903297f,0.007353084536514407f,0.5371999714820168f,-0.8434228611956872f,-0.7779878813795887f,0f,0f,0f,1f], start_interpolation: 0, interpolation_duration: 1 }
$data merge entity $(bone_lower_jaw) { transformation: [-0.9995963505906357f,0.024603900390227102f,-0.014205068513412217f,0.03612037825744296f,0.027442085082621276f,0.9655881669771409f,-0.25862409740788506f,0.45207105028778577f,0.007353084536514407f,-0.2589095206424685f,-0.9658735902117244f,-0.8267266476990734f,0f,0f,0f,1f], start_interpolation: 0, interpolation_duration: 1 }
$data merge entity $(bone_neck) { transformation: [-0.9995963505906357f,0.02841013702682464f,1.1829179713786698e-16f,0.03612037825744296f,0.027442085082621276f,0.965535930899797f,0.25881904510252074f,0.45207105028778577f,0.007353084536514407f,0.25871457294783284f,-0.9659258262890683f,-0.8267266476990734f,0f,0f,0f,1f], start_interpolation: 0, interpolation_duration: 1 }
$data merge entity $(bone_upper_body) { transformation: [-0.9995963505906357f,0.02841013702682464f,1.1829179713786698e-16f,3.457819391797354e-17f,0.027442085082621276f,0.965535930899797f,0.25881904510252074f,0.12925927171386647f,0.007353084536514407f,0.25871457294783284f,-0.9659258262890683f,-0.2823523806378151f,0f,0f,0f,1f], start_interpolation: 0, interpolation_duration: 1 }