# This file was generated by Animated Java via MC-Build. It is not recommended to edit this file directly.
$data merge entity $(bone_tail_4) { transformation: [-0.9485810907170733f,-3.169619151431765e-17f,0.3165342230059927f,-0.13149198750421429f,0.08192508534067937f,0.9659258262890683f,0.24551085210170054f,-0.028279547767792568f,-0.3057485809058318f,0.25881904510252074f,-0.9162589738530745f,1.0904052316920263f,0f,0f,0f,1f], start_interpolation: 0, interpolation_duration: 1 }
$data merge entity $(bone_tail_3) { transformation: [-0.9614852805947549f,-3.169619151431765e-17f,0.27485642652051123f,-0.04559935421655451f,0.07113807785232985f,0.9659258262890683f,0.2488507022036637f,-0.2523655240444815f,-0.26549092089768545f,0.25881904510252074f,-0.9287234641232653f,0.7192981975589682f,0f,0f,0f,1f], start_interpolation: 0, interpolation_duration: 1 }
$data merge entity $(bone_tail_2) { transformation: [-0.9870728748733522f,-3.169619151431765e-17f,0.16027208019257583f,-0.03637736150820281f,0.04148146675203707f,0.9659258262890683f,0.25547325892132094f,-0.1872009134781501f,-0.15481094149108163f,0.25881904510252074f,-0.9534391822695688f,0.4761005600699797f,0f,0f,0f,1f], start_interpolation: 0, interpolation_duration: 1 }
$data merge entity $(bone_tail_1) { transformation: [-0.9972853967699066f,-3.169619151431765e-17f,0.07363312698432584f,-0.04453217797466057f,0.019057655613995833f,0.9659258262890683f,0.2581164540866757f,-0.1059439698381266f,-0.07112413902458282f,0.25881904510252074f,-0.9633037209209934f,0.17284551793765104f,0f,0f,0f,1f], start_interpolation: 0, interpolation_duration: 1 }
$data merge entity $(bone_tail_entire) { transformation: [-0.9998251609127464f,-3.169619151431765e-17f,-0.018698866430902145f,-0.01562500000000001f,-0.004839622754145704f,0.9659258262890683f,0.25877379341691115f,0.0322021298004212f,0.018061718007938068f,0.25881904510252074f,-0.9657569446992452f,0.07986980422058554f,0f,0f,0f,1f], start_interpolation: 0, interpolation_duration: 1 }
$data merge entity $(bone_dorsal_fin) { transformation: [-0.9990482215818578f,0.043619387365335965f,1.1829179713786698e-16f,-0.015624999999999969f,0.04213309278308512f,0.9650064789340802f,0.25881904510252074f,0.5076576468911747f,0.011289528185853099f,0.258572706721188f,-0.9659258262890683f,-0.24566560286743658f,0f,0f,0f,1f], start_interpolation: 0, interpolation_duration: 1 }
$data merge entity $(bone_upper_jaw) { transformation: [-0.9999613114002183f,0.008389224274221277f,0.0026451122532962614f,0.003161186839746425f,0.008496617767613505f,0.8433558051074289f,0.5372883708755585f,0.6340932911879211f,0.002276661869227845f,0.5372900584485789f,-0.8433944568842363f,-0.7779539352453789f,0f,0f,0f,1f], start_interpolation: 0, interpolation_duration: 1 }
$data merge entity $(bone_lower_jaw) { transformation: [-0.9999613114002183f,0.007617859086829584f,-0.004398172994429559f,0.03276066294809212f,0.008496617767613505f,0.9658934626445822f,-0.2588003599436647f,0.452723686388054f,0.002276661869227845f,-0.2588277169149249f,-0.9659208196158424f,-0.8265517743830552f,0f,0f,0f,1f], start_interpolation: 0, interpolation_duration: 1 }
$data merge entity $(bone_neck) { transformation: [-0.9999613114002183f,0.008796345988859325f,1.1829179713786698e-16f,0.03276066294809212f,0.008496617767613505f,0.9658884559713562f,0.25881904510252074f,0.452723686388054f,0.002276661869227845f,0.2588090317560689f,-0.9659258262890683f,-0.8265517743830552f,0f,0f,0f,1f], start_interpolation: 0, interpolation_duration: 1 }
$data merge entity $(bone_upper_body) { transformation: [-0.9999613114002183f,0.008796345988859325f,1.1829179713786698e-16f,3.457819391797354e-17f,0.008496617767613505f,0.9658884559713562f,0.25881904510252074f,0.12925927171386647f,0.002276661869227845f,0.2588090317560689f,-0.9659258262890683f,-0.2823523806378151f,0f,0f,0f,1f], start_interpolation: 0, interpolation_duration: 1 }