# This file was generated by Animated Java via MC-Build. It is not recommended to edit this file directly.
$data merge entity $(bone_tail_4) { transformation: [-0.9587314350229014f,0f,0.28431327000146867f,-0.10404215385755318f,0f,1f,0f,0.328125f,-0.28431327000146867f,0f,-0.9587314350229014f,1.1197769598271807f,0f,0f,0f,1f], start_interpolation: 0, interpolation_duration: 1 }
$data merge entity $(bone_tail_3) { transformation: [-0.9702205057915514f,0f,0.24222338892350143f,-0.02834734481895898f,0f,1f,0f,0.015625f,-0.24222338892350143f,0f,-0.9702205057915514f,0.8165830517673209f,0f,0f,0f,1f], start_interpolation: 0, interpolation_duration: 1 }
$data merge entity $(bone_tail_2) { transformation: [-0.9923433091122084f,0f,0.12351014881471012f,-0.028480536025037962f,0f,1f,0f,0.015625f,-0.12351014881471012f,0f,-0.9923433091122084f,0.5646375323388091f,0f,0f,0f,1f], start_interpolation: 0, interpolation_duration: 1 }
$data merge entity $(bone_tail_1) { transformation: [-0.9985674399813748f,0f,0.053507642529299335f,-0.04296463023404988f,0f,1f,0f,0.015625f,-0.053507642529299335f,0f,-0.9985674399813748f,0.2509130935155889f,0f,0f,0f,1f], start_interpolation: 0, interpolation_duration: 1 }
$data merge entity $(bone_tail_entire) { transformation: [-0.9995143610285276f,0f,-0.031161548384732955f,-0.015625000000000014f,0f,1f,0f,0.125f,0.031161548384732955f,0f,-0.9995143610285276f,0.125f,0f,0f,0f,1f], start_interpolation: 0, interpolation_duration: 1 }
$data merge entity $(bone_upper_jaw) { transformation: [-0.9999813422410571f,-0.005922838598223099f,-0.0014950427129020068f,-0.0021952832966499296f,-0.00610861439067836f,0.9695698095408061f,0.24473877759200935f,0.4843682948678799f,-1.2246239499825845e-16f,0.24474334395432373f,-0.969587899878116f,-0.859375f,0f,0f,0f,1f], start_interpolation: 0, interpolation_duration: 1 }
$data merge entity $(bone_lower_jaw) { transformation: [-0.9999813422410571f,-0.006102800343336555f,0.0002664540173725876f,0.0301994988466353f,-0.00610861439067836f,0.9990295815809671f,-0.04361857352532129f,0.2970626873973904f,-1.2246239499825845e-16f,-0.043619387365335986f,-0.9990482215818578f,-0.859375f,0f,0f,0f,1f], start_interpolation: 0, interpolation_duration: 1 }