# This file was generated by Animated Java via MC-Build. It is not recommended to edit this file directly.
$data merge entity $(bone_tail_4) { transformation: [-0.9677876565096027f,0f,0.25176785320539097f,-0.07650776091712828f,0f,1f,0f,0.328125f,-0.25176785320539097f,0f,-0.9677876565096027f,1.1219571896887708f,0f,0f,0f,1f], start_interpolation: 0, interpolation_duration: 1 }
$data merge entity $(bone_tail_3) { transformation: [-0.9778484966198975f,0f,0.209313921319645f,-0.011097160504739228f,0f,1f,0f,0.015625f,-0.209313921319645f,0f,-0.9778484966198975f,0.8163795344950528f,0f,0f,0f,1f], start_interpolation: 0, interpolation_duration: 1 }
$data merge entity $(bone_tail_2) { transformation: [-0.9962450865141835f,0f,0.08657787013057724f,-0.020585351925663152f,0f,1f,0f,0.015625f,-0.08657787013057724f,0f,-0.9962450865141835f,0.5646127044249265f,0f,0f,0f,1f], start_interpolation: 0, interpolation_duration: 1 }
$data merge entity $(bone_tail_1) { transformation: [-0.9994433870252286f,0f,0.033360397652593465f,-0.04139283350376609f,0f,1f,0f,0.015625f,-0.033360397652593465f,0f,-0.9994433870252286f,0.251244133552899f,0f,0f,0f,1f], start_interpolation: 0, interpolation_duration: 1 }
$data merge entity $(bone_tail_entire) { transformation: [-0.9990482215818578f,0f,-0.043619387365335875f,-0.015625000000000014f,0f,1f,0f,0.125f,0.043619387365335875f,0f,-0.9990482215818578f,0.125f,0f,0f,0f,1f], start_interpolation: 0, interpolation_duration: 1 }
$data merge entity $(bone_upper_jaw) { transformation: [-0.9999813422410571f,-0.0059732729745549185f,-0.0012787414693575091f,-0.0021952832966499296f,-0.00610861439067836f,0.9778259265771585f,0.20933022271938528f,0.4843682948678799f,-1.2246239499825845e-16f,0.20933412842509197f,-0.977844170957984f,-0.859375f,0f,0f,0f,1f], start_interpolation: 0, interpolation_duration: 1 }
$data merge entity $(bone_lower_jaw) { transformation: [-0.9999813422410571f,-0.006107160705874099f,0.0001332587206532363f,0.0301994988466353f,-0.00610861439067836f,0.9997433737610075f,-0.021814478017694747f,0.2970626873973904f,-1.2246239499825845e-16f,-0.02181488503456109f,-0.9997620270799091f,-0.859375f,0f,0f,0f,1f], start_interpolation: 0, interpolation_duration: 1 }