# This file was generated by Animated Java via MC-Build. It is not recommended to edit this file directly.
$data merge entity $(bone_tail_4) { transformation: [-0.979243638247184f,0f,0.20268669653536256f,-0.032318596423683656f,0f,1f,0f,0.328125f,-0.20268669653536256f,0f,-0.979243638247184f,1.123709825062433f,0f,0f,0f,1f], start_interpolation: 0, interpolation_duration: 1 }
$data merge entity $(bone_tail_3) { transformation: [-0.9871526848161735f,0f,0.15977977613021077f,0.01761258361700721f,0f,1f,0f,0.015625f,-0.15977977613021077f,0f,-0.9871526848161735f,0.8152246110573789f,0f,0f,0f,1f], start_interpolation: 0, interpolation_duration: 1 }
$data merge entity $(bone_tail_2) { transformation: [-0.9994580452659003f,0f,0.03291831941738999f,-0.005390900443204678f,0f,1f,0f,0.015625f,-0.03291831941738999f,0f,-0.9994580452659003f,0.5643314022591103f,0f,0f,0f,1f], start_interpolation: 0, interpolation_duration: 1 }
$data merge entity $(bone_tail_1) { transformation: [-0.9999941442306325f,0f,-0.0034222075396948687f,-0.03771015730656659f,0f,1f,0f,0.015625f,0.0034222075396948687f,0f,-0.9999941442306325f,0.2519401761726531f,0f,0f,0f,1f], start_interpolation: 0, interpolation_duration: 1 }
$data merge entity $(bone_tail_entire) { transformation: [-0.9973569167005722f,0f,-0.07265797072261045f,-0.015625000000000014f,0f,1f,0f,0.125f,0.07265797072261045f,0f,-0.9973569167005722f,0.125f,0f,0f,0f,1f], start_interpolation: 0, interpolation_duration: 1 }
$data merge entity $(bone_upper_jaw) { transformation: [-0.9999813422410571f,-0.006015810812102016f,-0.0010607497570111627f,-0.0021952832966499296f,-0.00610861439067836f,0.9847893787065471f,0.17364493778109055f,0.4843682948678799f,-1.2246239499825845e-16f,0.17364817766693033f,-0.984807753012208f,-0.859375f,0f,0f,0f,1f], start_interpolation: 0, interpolation_duration: 1 }
$data merge entity $(bone_lower_jaw) { transformation: [-0.9999813422410571f,-0.00610861439067836f,1.2246467991473532e-16f,0.0301994988466353f,-0.00610861439067836f,0.9999813422410571f,0f,0.2970626873973904f,-1.2246239499825845e-16f,-7.480895060769713e-19f,-1f,-0.859375f,0f,0f,0f,1f], start_interpolation: 0, interpolation_duration: 1 }