# This file was generated by Animated Java via MC-Build. It is not recommended to edit this file directly.
$data merge entity $(bone_tail_4) { transformation: [-0.9882121458259929f,0f,0.1530906752287241f,0.011905880518481585f,0f,1f,0f,0.328125f,-0.1530906752287241f,0f,-0.9882121458259929f,1.123423696093883f,0f,0f,0f,1f], start_interpolation: 0, interpolation_duration: 1 }
$data merge entity $(bone_tail_3) { transformation: [-0.9939493082978723f,0f,0.1098397584401087f,0.04623080503101555f,0f,1f,0f,0.015625f,-0.1098397584401087f,0f,-0.9939493082978723f,0.8128145372507979f,0f,0f,0f,1f], start_interpolation: 0, interpolation_duration: 1 }
$data merge entity $(bone_tail_2) { transformation: [-0.9997828996015364f,0f,-0.020836354391889005f,0.009778500820495285f,0f,1f,0f,0.015625f,0.020836354391889005f,0f,-0.9997828996015364f,0.5635199484251603f,0f,0f,0f,1f], start_interpolation: 0, interpolation_duration: 1 }
$data merge entity $(bone_tail_1) { transformation: [-0.9991916459822039f,0f,-0.04020018158384717f,-0.03400879486140083f,0f,1f,0f,0.015625f,0.04020018158384717f,0f,-0.9991916459822039f,0.2525288147302167f,0f,0f,0f,1f], start_interpolation: 0, interpolation_duration: 1 }
$data merge entity $(bone_tail_entire) { transformation: [-0.9948217482960331f,0f,-0.10163507818280176f,-0.015625000000000014f,0f,1f,0f,0.125f,0.10163507818280176f,0f,-0.9948217482960331f,0.125f,0f,0f,0f,1f], start_interpolation: 0, interpolation_duration: 1 }
$data merge entity $(bone_upper_jaw) { transformation: [-0.9999813422410571f,-0.005979834695049458f,-0.001247696595284896f,-0.0021952832966499296f,-0.00610861439067836f,0.9789000814751259f,0.20424817090544053f,0.4843682948678799f,-1.2246239499825845e-16f,0.20425198178968038f,-0.9789183458976485f,-0.859375f,0f,0f,0f,1f], start_interpolation: 0, interpolation_duration: 1 }
$data merge entity $(bone_lower_jaw) { transformation: [-0.9999813422410571f,-0.006107546366113908f,0.00011422416456930465f,0.0301994988466353f,-0.00610861439067836f,0.9998065064159091f,-0.01869851755195991f,0.2970626873973904f,-1.2246239499825845e-16f,-0.018698866430902284f,-0.9998251609127464f,-0.859375f,0f,0f,0f,1f], start_interpolation: 0, interpolation_duration: 1 }