# This file was generated by Animated Java via MC-Build. It is not recommended to edit this file directly.
$data merge entity $(bone_tail_4) { transformation: [-0.9984155903645436f,0f,0.05626996460830199f,0.0707418239286643f,0f,1f,0f,0.328125f,-0.05626996460830199f,0f,-0.9984155903645436f,1.121630260874718f,0f,0f,0f,1f], start_interpolation: 0, interpolation_duration: 1 }
$data merge entity $(bone_tail_3) { transformation: [-0.9999197813365812f,0f,0.012666131682696521f,0.07469999007950695f,0f,1f,0f,0.015625f,-0.012666131682696521f,0f,-0.9999197813365812f,0.8091553292070364f,0f,0f,0f,1f], start_interpolation: 0, interpolation_duration: 1 }
$data merge entity $(bone_tail_2) { transformation: [-0.9972187107991048f,0f,-0.0745308180028316f,0.02490420086632703f,0f,1f,0f,0.015625f,0.0745308180028316f,0f,-0.9972187107991048f,0.5621797395698487f,0f,0f,0f,1f], start_interpolation: 0, interpolation_duration: 1 }
$data merge entity $(bone_tail_1) { transformation: [-0.9970369782714328f,0f,-0.0769237541944637f,-0.030291877890425156f,0f,1f,0f,0.015625f,0.0769237541944637f,0f,-0.9970369782714328f,0.2530095511786029f,0f,0f,0f,1f], start_interpolation: 0, interpolation_duration: 1 }
$data merge entity $(bone_tail_entire) { transformation: [-0.9914448613738104f,0f,-0.13052619222005146f,-0.015625000000000014f,0f,1f,0f,0.125f,0.13052619222005146f,0f,-0.9914448613738104f,0.125f,0f,0f,0f,1f], start_interpolation: 0, interpolation_duration: 1 }
$data merge entity $(bone_upper_jaw) { transformation: [-0.9999813422410571f,-0.005938050496455142f,-0.0014334315733761413f,-0.0021952832966499296f,-0.00610861439067836f,0.9720600001862211f,0.23465302228650314f,0.4843682948678799f,-1.2246239499825845e-16f,0.23465740046771524f,-0.9720781369857746f,-0.859375f,0f,0f,0f,1f], start_interpolation: 0, interpolation_duration: 1 }
$data merge entity $(bone_lower_jaw) { transformation: [-0.9999813422410571f,-0.006104342665885435f,0.0002284083874411354f,0.0301994988466353f,-0.00610861439067836f,0.9992820600767371f,-0.03739049664043622f,0.2970626873973904f,-1.2246239499825845e-16f,-0.03739119427632562f,-0.9993007047883986f,-0.859375f,0f,0f,0f,1f], start_interpolation: 0, interpolation_duration: 1 }