# This file was generated by Animated Java via MC-Build. It is not recommended to edit this file directly.
$data merge entity $(bone_tail_4) { transformation: [-0.9999999942897847f,0f,-0.00010686641656295487f,0.0886937364492546f,0f,1f,0f,0.328125f,0.00010686641656295487f,0f,-0.9999999942897847f,1.1207457516680734f,0f,0f,0f,1f], start_interpolation: 0, interpolation_duration: 1 }
$data merge entity $(bone_tail_3) { transformation: [-0.9990435544294568f,0f,-0.043726151819673945f,0.0750293140056065f,0f,1f,0f,0.015625f,0.043726151819673945f,0f,-0.9990435544294568f,0.8085446409088681f,0f,0f,0f,1f], start_interpolation: 0, interpolation_duration: 1 }
$data merge entity $(bone_tail_2) { transformation: [-0.9961853783813488f,0f,-0.08726220200756418f,0.022082970429298313f,0f,1f,0f,0.015625f,0.08726220200756418f,0f,-0.9961853783813488f,0.5622252401262673f,0f,0f,0f,1f], start_interpolation: 0, interpolation_duration: 1 }
$data merge entity $(bone_tail_1) { transformation: [-0.9973512625216094f,0f,-0.07273554252600051f,-0.031814113563877144f,0f,1f,0f,0.015625f,0.07273554252600051f,0f,-0.9973512625216094f,0.25282595629220184f,0f,0f,0f,1f], start_interpolation: 0, interpolation_duration: 1 }
$data merge entity $(bone_tail_entire) { transformation: [-0.9929278846732883f,0f,-0.11871906265730506f,-0.015625000000000014f,0f,1f,0f,0.125f,0.11871906265730506f,0f,-0.9929278846732883f,0.125f,0f,0f,0f,1f], start_interpolation: 0, interpolation_duration: 1 }
$data merge entity $(bone_upper_jaw) { transformation: [-0.9999813422410571f,-0.005890498800389527f,-0.0016177742909974464f,-0.0021952832966499296f,-0.00610861439067836f,0.9642757784599164f,0.2648299603627737f,0.4843682948678799f,-1.2246239499825845e-16f,0.2648349015885272f,-0.9642937700206277f,-0.859375f,0f,0f,0f,1f], start_interpolation: 0, interpolation_duration: 1 }
$data merge entity $(bone_lower_jaw) { transformation: [-0.9999813422410571f,-0.006099004410256989f,0.0003425127408850038f,0.0301994988466353f,-0.00610861439067836f,0.9984081866109799f,-0.056069401088303425f,0.2970626873973904f,-1.2246239499825845e-16f,-0.056070447237191796f,-0.9984268150178166f,-0.859375f,0f,0f,0f,1f], start_interpolation: 0, interpolation_duration: 1 }