# This file was generated by Animated Java via MC-Build. It is not recommended to edit this file directly.
$data merge entity $(bone_tail_4) { transformation: [-0.9984035408209841f,0f,-0.05648335751459464f,0.10659488764520149f,0f,1f,0f,0.328125f,0.05648335751459464f,0f,-0.9984035408209841f,1.1188044278718403f,0f,0f,0f,1f], start_interpolation: 0, interpolation_duration: 1 }
$data merge entity $(bone_tail_3) { transformation: [-0.99498951242711f,0f,-0.09997934866792159f,0.07535134118647599f,0f,1f,0f,0.015625f,0.09997934866792159f,0f,-0.99498951242711f,0.8078702052383684f,0f,0f,0f,1f], start_interpolation: 0, interpolation_duration: 1 }
$data merge entity $(bone_tail_2) { transformation: [-0.99498951242711f,0f,-0.09997934866792153f,0.019263081756148416f,0f,1f,0f,0.015625f,0.09997934866792153f,0f,-0.99498951242711f,0.5622471817774635f,0f,0f,0f,1f], start_interpolation: 0, interpolation_duration: 1 }
$data merge entity $(bone_tail_1) { transformation: [-0.9976479536036582f,0f,-0.06854604781045384f,-0.03333405673473273f,0f,1f,0f,0.015625f,0.06854604781045384f,0f,-0.9976479536036582f,0.25262426027039697f,0f,0f,0f,1f], start_interpolation: 0, interpolation_duration: 1 }
$data merge entity $(bone_tail_entire) { transformation: [-0.9942703017718973f,0f,-0.10689512156511263f,-0.015625000000000014f,0f,1f,0f,0.125f,0.10689512156511263f,0f,-0.9942703017718973f,0.125f,0f,0f,0f,1f], start_interpolation: 0, interpolation_duration: 1 }
$data merge entity $(bone_upper_jaw) { transformation: [-0.9999813422410571f,-0.005837225792766154f,-0.0018005457001332428f,-0.0021952832966499296f,-0.00610861439067836f,0.9555549769390779f,0.29474967493991294f,0.4843682948678799f,-1.2246239499825845e-16f,0.29475517441090426f,-0.9555728057861407f,-0.859375f,0f,0f,0f,1f], start_interpolation: 0, interpolation_duration: 1 }
$data merge entity $(bone_lower_jaw) { transformation: [-0.9999813422410571f,-0.006091533465900053f,0.0004564973250988941f,0.0301994988466353f,-0.00610861439067836f,0.9971851915931154f,-0.07472869929035235f,0.2970626873973904f,-1.2246239499825845e-16f,-0.07473009358642427f,-0.9972037971811801f,-0.859375f,0f,0f,0f,1f], start_interpolation: 0, interpolation_duration: 1 }