# This file was generated by Animated Java via MC-Build. It is not recommended to edit this file directly.
$data merge entity $(bone_tail_4) { transformation: [-0.9936313080489922f,0f,-0.1126801831062097f,0.12438908637393038f,0f,1f,0f,0.328125f,0.1126801831062097f,0f,-0.9936313080489922f,1.115810457511342f,0f,0f,0f,1f], start_interpolation: 0, interpolation_duration: 1 }
$data merge entity $(bone_tail_3) { transformation: [-0.987770550659094f,0f,-0.1559145254638914f,0.07566579716646432f,0f,1f,0f,0.015625f,0.1559145254638914f,0f,-0.987770550659094f,0.8071321604303751f,0f,0f,0f,1f], start_interpolation: 0, interpolation_duration: 1 }
$data merge entity $(bone_tail_2) { transformation: [-0.9936313080489922f,0f,-0.11268018310620971f,0.01644477301338089f,0f,1f,0f,0.015625f,0.11268018310620971f,0f,-0.9936313080489922f,0.5622455891401961f,0f,0f,0f,1f], start_interpolation: 0, interpolation_duration: 1 }
$data merge entity $(bone_tail_1) { transformation: [-0.9979270462839807f,0f,-0.06435534395005628f,-0.03485149216738609f,0f,1f,0f,0.015625f,0.06435534395005628f,0f,-0.9979270462839807f,0.2524044916748913f,0f,0f,0f,1f], start_interpolation: 0, interpolation_duration: 1 }
$data merge entity $(bone_tail_entire) { transformation: [-0.9954719225730846f,0f,-0.09505604330418253f,-0.015625000000000014f,0f,1f,0f,0.125f,0.09505604330418253f,0f,-0.9954719225730846f,0.125f,0f,0f,0f,1f], start_interpolation: 0, interpolation_duration: 1 }
$data merge entity $(bone_upper_jaw) { transformation: [-0.9999813422410571f,-0.005778283216482278f,-0.0019815682789452354f,-0.0021952832966499296f,-0.00610861439067836f,0.9459060659458676f,0.32438310565909284f,0.4843682948678799f,-1.2246239499825845e-16f,0.32438915803380713f,-0.945923714762516f,-0.859375f,0f,0f,0f,1f], start_interpolation: 0, interpolation_duration: 1 }
$data merge entity $(bone_lower_jaw) { transformation: [-0.9999813422410571f,-0.006081932445240812f,0.0005703222821614763f,0.0301994988466353f,-0.00610861439067836f,0.995613502677809f,-0.09336186649725012f,0.2970626873973904f,-1.2246239499825845e-16f,-0.09336360845295068f,-0.9956320789411338f,-0.859375f,0f,0f,0f,1f], start_interpolation: 0, interpolation_duration: 1 }