# This file was generated by Animated Java via MC-Build. It is not recommended to edit this file directly.
$data merge entity $(bone_tail_4) { transformation: [-0.9957561729738859f,0.0020267662080892877f,-0.09200834855130671f,0.11067956751867644f,0.0020295043368517723f,0.9999979385184332f,0.00006380462798341966f,0.3279973983582553f,0.09200828819485608f,-0.000123197490232654f,-0.9957582335716993f,1.1178703981615785f,0f,0f,0f,1f], start_interpolation: 0, interpolation_duration: 1 }
$data merge entity $(bone_tail_3) { transformation: [-0.9907950859424131f,0.0020267662080892877f,-0.13535505122123911f,0.06774774957201132f,0.0020247895796407208f,0.9999979385184332f,0.00015226963594429426f,0.015545626832477528f,0.13535508080424868f,-0.000123197490232654f,-0.9907971472117054f,0.8082847888736182f,0f,0f,0f,1f], start_interpolation: 0, interpolation_duration: 1 }
$data merge entity $(bone_tail_2) { transformation: [-0.9957561729738857f,0.0020267662080892877f,-0.09200834855130671f,0.013628282028750709f,0.0020295043368517723f,0.9999979385184332f,0.00006380462798341967f,0.015625f,0.0920082881948561f,-0.000123197490232654f,-0.9957582335716992f,0.5622204894867826f,0f,0f,0f,1f], start_interpolation: 0, interpolation_duration: 1 }
$data merge entity $(bone_tail_1) { transformation: [-0.998188535639412f,0f,-0.060163504868369494f,-0.036366204981346385f,0f,1f,0f,0.015625f,0.060163504868369494f,0f,-0.998188535639412f,0.25216668162660283f,0f,0f,0f,1f], start_interpolation: 0, interpolation_duration: 1 }
$data merge entity $(bone_tail_entire) { transformation: [-0.9965325769181324f,0f,-0.08320350437876213f,-0.015625000000000014f,0f,1f,0f,0.125f,0.08320350437876213f,0f,-0.9965325769181324f,0.125f,0f,0f,0f,1f], start_interpolation: 0, interpolation_duration: 1 }
$data merge entity $(bone_upper_jaw) { transformation: [-0.9999813422410571f,-0.005713728321162145f,-0.00216066620419545f,-0.0021952832966499296f,-0.00610861439067836f,0.9353384172547063f,0.3537014702226823f,0.4843682948678799f,-1.2246239499825845e-16f,0.35370806962258144f,-0.9353558688990341f,-0.859375f,0f,0f,0f,1f], start_interpolation: 0, interpolation_duration: 1 }
$data merge entity $(bone_lower_jaw) { transformation: [-0.9999813422410571f,-0.006070204705546643f,0.0006839478099695515f,0.0301994988466353f,-0.00610861439067836f,0.9936936694503717f,-0.11196238709710256f,0.2970626873973904f,-1.2246239499825845e-16f,-0.11196447610330787f,-0.9937122098932426f,-0.859375f,0f,0f,0f,1f], start_interpolation: 0, interpolation_duration: 1 }