# This file was generated by Animated Java via MC-Build. It is not recommended to edit this file directly.
$data merge entity $(bone_tail_4) { transformation: [-0.9987027689748225f,0.006083258183187507f,-0.05055465568965365f,0.08314751571453641f,0.006091581701002644f,0.9999814460882384f,-0.000010566727603187654f,0.3278517459089866f,0.050553653422900705f,-0.0003185108356158896f,-0.9987212957960019f,1.121215133812322f,0f,0f,0f,1f], start_interpolation: 0, interpolation_duration: 1 }
$data merge entity $(bone_tail_3) { transformation: [-0.9955470621235251f,0.006083258183187507f,-0.09406934180217807f,0.051849828219109655f,0.006086244779191787f,0.9999814460882384f,0.0002551543914637222f,0.015437279753744464f,0.09406914861795065f,-0.0003185108356158896f,-0.9955656150295377f,0.8102004137517212f,0f,0f,0f,1f], start_interpolation: 0, interpolation_duration: 1 }
$data merge entity $(bone_tail_2) { transformation: [-0.9987027689748224f,0.006083258183187507f,-0.050554655689653664f,0.008001702766233042f,0.0060915817010026435f,0.9999814460882384f,-0.000010566727603187624f,0.015625f,0.0505536534229007f,-0.0003185108356158896f,-0.9987212957960018f,0.5620998914721864f,0f,0f,0f,1f], start_interpolation: 0, interpolation_duration: 1 }
$data merge entity $(bone_tail_1) { transformation: [-0.9986586862356285f,0f,-0.051776716834196684f,-0.03938660518931681f,0f,1f,0f,0.015625f,0.051776716834196684f,0f,-0.9986586862356285f,0.25163707442462113f,0f,0f,0f,1f], start_interpolation: 0, interpolation_duration: 1 }
$data merge entity $(bone_tail_entire) { transformation: [-0.9982304054358614f,0f,-0.059464759844430976f,-0.015625000000000014f,0f,1f,0f,0.125f,0.059464759844430976f,0f,-0.9982304054358614f,0.125f,0f,0f,0f,1f], start_interpolation: 0, interpolation_duration: 1 }
$data merge entity $(bone_upper_jaw) { transformation: [-0.9999813422410571f,-0.005554912244540992f,-0.002541283087231983f,-0.0021952832966499296f,-0.00610861439067836f,0.9093401951846681f,0.4160085266574902f,0.4843682948678799f,-1.2246239499825845e-16f,0.41601628858911904f,-0.9093571617513851f,-0.859375f,0f,0f,0f,1f], start_interpolation: 0, interpolation_duration: 1 }
$data merge entity $(bone_lower_jaw) { transformation: [-0.9999813422410571f,-0.006037519346035945f,0.0009292631060385678f,0.0301994988466353f,-0.00610861439067836f,0.9883430698569499f,-0.1521205479084476f,0.2970626873973904f,-1.2246239499825845e-16f,-0.1521233861899167f,-0.9883615104677607f,-0.859375f,0f,0f,0f,1f], start_interpolation: 0, interpolation_duration: 1 }