# This file was generated by Animated Java via MC-Build. It is not recommended to edit this file directly.
$data merge entity $(bone_tail_4) { transformation: [-0.9990532549210787f,0.010149462069868128f,0.04230345436592949f,0.029024825603742775f,0.010129507939135684f,0.9999484598933699f,-0.0006860217115453378f,0.32795647301385183f,-0.04230823679272107f,-0.00025685904701335227f,-0.9991045726664055f,1.125372852590306f,0f,0f,0f,1f], start_interpolation: 0, interpolation_duration: 1 }
$data merge entity $(bone_tail_3) { transformation: [-0.9999476283573493f,0.010149462069868128f,-0.0013149000739511706f,0.025442212433799245f,0.01014979073886974f,0.9999484598933699f,-0.0002435258402685063f,0.01539647747208988f,0.001312360647582323f,-0.00025685904701335227f,-0.9999991058660804f,0.8129534004593475f,0f,0f,0f,1f], start_interpolation: 0, interpolation_duration: 1 }
$data merge entity $(bone_tail_2) { transformation: [-0.9999024795236624f,0.010149462069868128f,0.009592698375541137f,-0.0034065654574299206f,0.010146530474924404f,0.9999484598933699f,-0.0003542261977250717f,0.015625f,-0.009595799172201942f,-0.00025685904701335227f,-0.9999539262694439f,0.5626650501678552f,0f,0f,0f,1f], start_interpolation: 0, interpolation_duration: 1 }
$data merge entity $(bone_tail_1) { transformation: [-0.9996927038089853f,0f,-0.02478906918543281f,-0.04239354657190846f,0f,1f,0f,0.015625f,0.02478906918543281f,0f,-0.9996927038089853f,0.25103573863959205f,0f,0f,0f,1f], start_interpolation: 0, interpolation_duration: 1 }
$data merge entity $(bone_tail_entire) { transformation: [-0.9993628256569916f,0f,-0.035692333838980315f,-0.015625000000000014f,0f,1f,0f,0.125f,0.035692333838980315f,0f,-0.9993628256569916f,0.125f,0f,0f,0f,1f], start_interpolation: 0, interpolation_duration: 1 }
$data merge entity $(bone_upper_jaw) { transformation: [-0.9999813422410571f,-0.005355585676607692f,-0.002938174915575533f,-0.0021952832966499296f,-0.00610861439067836f,0.8767103979510409f,0.48097979474688296f,0.4843682948678799f,-1.2246239499825845e-16f,0.48098876891938774f,-0.8767267557075077f,-0.859375f,0f,0f,0f,1f], start_interpolation: 0, interpolation_duration: 1 }
$data merge entity $(bone_lower_jaw) { transformation: [-0.9999813422410571f,-0.00599123907803666f,0.001191731548549917f,0.0301994988466353f,-0.00610861439067836f,0.9807669811478938f,-0.19508668206792806f,0.2970626873973904f,-1.2246239499825845e-16f,-0.19509032201612833f,-0.9807852804032304f,-0.859375f,0f,0f,0f,1f], start_interpolation: 0, interpolation_duration: 1 }