# This file was generated by Animated Java via MC-Build. It is not recommended to edit this file directly.
$data merge entity $(bone_tail_4) { transformation: [-0.982550619102364f,0.01421086961600411f,0.185451697447929f,-0.051651896780468415f,0.014017865662612043f,0.9998989788054996f,-0.002351940897223907f,0.3284351376479417f,-0.1854663860213657f,0.00028873599706892263f,-0.9826505667263913f,1.1246328049938688f,0f,0f,0f,1f], start_interpolation: 0, interpolation_duration: 1 }
$data merge entity $(bone_tail_3) { transformation: [-0.9897047380569103f,0.01421086961600411f,0.14241693246401352f,-0.011587502140465472f,0.014107113981662336f,0.9998989788054996f,-0.001738251658264466f,0.015423503128015435f,-0.14242724740305432f,0.00028873599706892263f,-0.9898052312595207f,0.8152284402261846f,0f,0f,0f,1f], start_interpolation: 0, interpolation_duration: 1 }
$data merge entity $(bone_tail_2) { transformation: [-0.9959968143660928f,0.01421086961600411f,0.0882518949221592f,-0.020649428858866073f,0.014180896328944167f,0.9998989788054996f,-0.0009666245531797625f,0.015625f,-0.0882567161858101f,0.00028873599706892263f,-0.9960977204469557f,0.5634459877336391f,0f,0f,0f,1f], start_interpolation: 0, interpolation_duration: 1 }
$data merge entity $(bone_tail_1) { transformation: [-0.999783168538064f,0f,0.020823446112234325f,-0.04538532596560735f,0f,1f,0f,0.015625f,-0.020823446112234325f,0f,-0.999783168538064f,0.25036301487448676f,0f,0f,0f,1f], start_interpolation: 0, interpolation_duration: 1 }
$data merge entity $(bone_tail_entire) { transformation: [-0.9999291961666908f,0f,-0.01189969131681406f,-0.015625000000000014f,0f,1f,0f,0.125f,0.01189969131681406f,0f,-0.9999291961666908f,0.125f,0f,0f,0f,1f], start_interpolation: 0, interpolation_duration: 1 }
$data merge entity $(bone_upper_jaw) { transformation: [-0.9999813422410571f,-0.0051279485905534f,-0.0033195350618187716f,-0.0021952832966499296f,-0.00610861439067836f,0.8394461634948956f,0.5434085235105602f,0.4843682948678799f,-1.2246239499825845e-16f,0.54341866248497f,-0.8394618259712864f,-0.859375f,0f,0f,0f,1f], start_interpolation: 0, interpolation_duration: 1 }
$data merge entity $(bone_lower_jaw) { transformation: [-0.9999813422410571f,-0.0059335541459325635f,0.0014519314623250071f,0.0301994988466353f,-0.00610861439067836f,0.9713239467470717f,-0.2376814576400899f,0.2970626873973904f,-1.2246239499825845e-16f,-0.23768589232617307f,-0.9713420698132614f,-0.859375f,0f,0f,0f,1f], start_interpolation: 0, interpolation_duration: 1 }