# This file was generated by Animated Java via MC-Build. It is not recommended to edit this file directly.
$data merge entity $(bone_tail_4) { transformation: [-0.9256725927066115f,0.007134669858319098f,0.3782583080354382f,-0.200301817239471f,0.007023083419673684f,0.9999739357705467f,-0.001674538396928852f,0.3284748596275459f,-0.3782603963027321f,0.0011064653520456034f,-0.9256985731453435f,1.107317466693478f,0f,0f,0f,1f], start_interpolation: 0, interpolation_duration: 1 }
$data merge entity $(bone_tail_3) { transformation: [-0.941290953172962f,0.007134669858319098f,0.3375210185466225f,-0.09705608327437618f,0.007089441339439794f,0.9999739357705467f,-0.0013666020112404896f,0.015555941570737397f,-0.33752197157552766f,0.0011064653520456034f,-0.9413169999730131f,0.812810133779397f,0f,0f,0f,1f], start_interpolation: 0, interpolation_duration: 1 }
$data merge entity $(bone_tail_2) { transformation: [-0.9712555157103671f,0.007134669858319098f,0.23793238469826186f,-0.06792472196575967f,0.00719303692896168f,0.9999739357705467f,-0.0006228958990697998f,0.015625f,-0.23793062733058867f,0.0011064653520456034f,-0.9712815206275147f,0.5625544215184375f,0f,0f,0f,1f], start_interpolation: 0, interpolation_duration: 1 }
$data merge entity $(bone_tail_1) { transformation: [-0.988109162180885f,0f,0.15375397105177335f,-0.05075501733023315f,0f,1f,0f,0.015625f,-0.15375397105177335f,0f,-0.988109162180885f,0.24896549674154306f,0f,0f,0f,1f], start_interpolation: 0, interpolation_duration: 1 }
$data merge entity $(bone_tail_entire) { transformation: [-0.9995143610285276f,0f,0.031161548384733218f,-0.015625000000000014f,0f,1f,0f,0.125f,-0.031161548384733218f,0f,-0.9995143610285276f,0.125f,0f,0f,0f,1f], start_interpolation: 0, interpolation_duration: 1 }
$data merge entity $(bone_upper_jaw) { transformation: [-0.9999813422410571f,-0.00553628479027599f,-0.0025816119954325993f,-0.0021952832966499296f,-0.00610861439067836f,0.9062908773644313f,0.422610376631047f,0.4843682948678799f,-1.2246239499825845e-16f,0.42261826174069944f,-0.9063077870366499f,-0.859375f,0f,0f,0f,1f], start_interpolation: 0, interpolation_duration: 1 }
$data merge entity $(bone_lower_jaw) { transformation: [-0.9999813422410571f,-0.00603340721086467f,0.0009555978243429462f,0.0301994988466353f,-0.00610861439067836f,0.9876699125441681f,-0.15643154632369177f,0.2970626873973904f,-1.2246239499825845e-16f,-0.15643446504023087f,-0.9876883405951378f,-0.859375f,0f,0f,0f,1f], start_interpolation: 0, interpolation_duration: 1 }