# This file was generated by Animated Java via MC-Build. It is not recommended to edit this file directly.
$data merge entity $(bone_tail_4) { transformation: [-0.9317847047739461f,0.0053666697776413985f,0.36297171075006357f,-0.1831581675228326f,0.005262644400571807f,0.9999853388378674f,-0.0012754149240776173f,0.32839555183169983f,-0.36297323389368974f,0.0007217789226488444f,-0.9317992866019718f,1.1101324684362825f,0f,0f,0f,1f], start_interpolation: 0, interpolation_duration: 1 }
$data merge entity $(bone_tail_3) { transformation: [-0.9467304558554529f,0.0053666697776413985f,0.3219823641307455f,-0.08421576303748758f,0.005313268346833858f,0.9999853388378674f,-0.0010446476870041455f,0.015573681042677397f,-0.3219832497742713f,0.0007217789226488444f,-0.9467450902434013f,0.8140490718218919f,0f,0f,0f,1f], start_interpolation: 0, interpolation_duration: 1 }
$data merge entity $(bone_tail_2) { transformation: [-0.9757910781595768f,0.0053666697776413985f,0.21863890467999586f,-0.060049508059975394f,0.005394636036393553f,0.9999853388378674f,-0.00046905367525877943f,0.015625f,-0.218638216435749f,0.0007217789226488444f,-0.9758057231585503f,0.5632651967686372f,0f,0f,0f,1f], start_interpolation: 0, interpolation_duration: 1 }
$data merge entity $(bone_tail_1) { transformation: [-0.9910087283413882f,0f,0.13379723596242443f,-0.04920689458238614f,0f,1f,0f,0.015625f,-0.13379723596242443f,0f,-0.9910087283413882f,0.24939380553812762f,0f,0f,0f,1f], start_interpolation: 0, interpolation_duration: 1 }
$data merge entity $(bone_tail_entire) { transformation: [-0.9998251609127464f,0f,0.01869886643090239f,-0.015625000000000014f,0f,1f,0f,0.125f,-0.01869886643090239f,0f,-0.9998251609127464f,0.125f,0f,0f,0f,1f], start_interpolation: 0, interpolation_duration: 1 }
$data merge entity $(bone_upper_jaw) { transformation: [-0.9999813422410571f,-0.005643623807551689f,-0.002337665522019463f,-0.0021952832966499296f,-0.00610861439067836f,0.9238622949896769f,0.3826762923498572f,0.4843682948678799f,-1.2246239499825845e-16f,0.3826834323650897f,-0.9238795325112867f,-0.859375f,0f,0f,0f,1f], start_interpolation: 0, interpolation_duration: 1 }
$data merge entity $(bone_lower_jaw) { transformation: [-0.9999813422410571f,-0.006056354347752154f,0.0007973341761559783f,0.0301994988466353f,-0.00610861439067836f,0.9914263632345817f,-0.1305237568938214f,0.2970626873973904f,-1.2246239499825845e-16f,-0.13052619222005157f,-0.9914448613738104f,-0.859375f,0f,0f,0f,1f], start_interpolation: 0, interpolation_duration: 1 }