# This file was generated by Animated Java via MC-Build. It is not recommended to edit this file directly.
$data merge entity $(bone_tail_4) { transformation: [-0.9376412190422259f,0.003586765951938073f,0.3475860748980238f,-0.1659717132891057f,0.003505265503212214f,0.9999934839167838f,-0.0008632715245054764f,0.32831080281321345f,-0.34758690635114636f,0.00040894251313522374f,-0.9376476818609752f,1.1126443173785248f,0f,0f,0f,1f], start_interpolation: 0, interpolation_duration: 1 }
$data merge entity $(bone_tail_3) { transformation: [-0.9519102840097545f,0.003586765951938073f,0.30635591443038035f,-0.07135635438959251f,0.0035395846421852665f,0.9999934839167838f,-0.0007095523474964923f,0.015591103980625897f,-0.3063564631879493f,0.00040894251313522374f,-0.9519167769448083f,0.8150425300479174f,0f,0f,0f,1f], start_interpolation: 0, interpolation_duration: 1 }
$data merge entity $(bone_tail_2) { transformation: [-0.9799402391822738f,0.003586765951938073f,0.1992592852074756f,-0.05216466556216966f,0.0035963252411845134f,0.9999934839167838f,-0.0003139565776516485f,0.015625f,-0.19925911290615472f,0.00040894251313522374f,-0.9799467529870556f,0.5638289945228362f,0f,0f,0f,1f], start_interpolation: 0, interpolation_duration: 1 }
$data merge entity $(bone_tail_1) { transformation: [-0.9935052723017489f,0f,0.11378608837915044f,-0.0476535527031148f,0f,1f,0f,0.015625f,-0.11378608837915044f,0f,-0.9935052723017489f,0.24980278166669123f,0f,0f,0f,1f], start_interpolation: 0, interpolation_duration: 1 }
$data merge entity $(bone_tail_entire) { transformation: [-0.9999805729315382f,0f,0.006233278392033712f,-0.015625000000000014f,0f,1f,0f,0.125f,-0.006233278392033712f,0f,-0.9999805729315382f,0.125f,0f,0f,0f,1f], start_interpolation: 0, interpolation_duration: 1 }
$data merge entity $(bone_upper_jaw) { transformation: [-0.9999813422410571f,-0.005724874620907625f,-0.0021309576131144712f,-0.0021952832966499296f,-0.00610861439067836f,0.9371630686515134f,0.34883816818964164f,0.4843682948678799f,-1.2246239499825845e-16f,0.3488446768495308f,-0.9371805543403824f,-0.859375f,0f,0f,0f,1f], start_interpolation: 0, interpolation_duration: 1 }
$data merge entity $(bone_lower_jaw) { transformation: [-0.9999813422410571f,-0.006072306852809884f,0.0006650257583890126f,0.0301994988466353f,-0.00610861439067836f,0.9940377913587853f,-0.1088648436400567f,0.2970626873973904f,-1.2246239499825845e-16f,-0.10886687485196457f,-0.9940563382223196f,-0.859375f,0f,0f,0f,1f], start_interpolation: 0, interpolation_duration: 1 }