# This file was generated by Animated Java via MC-Build. It is not recommended to edit this file directly.
$data merge entity $(bone_tail_4) { transformation: [-0.9432405254279871f,0.0017971447687211753f,0.332105527597803f,-0.1487478512261903f,0.0017510247359221868f,0.9999983709772913f,-0.0004381268515322754f,0.3282206172588168f,-0.33210577396773616f,0.00016826599211682832f,-0.9432421357126953f,1.1148523697519954f,0f,0f,0f,1f], start_interpolation: 0, interpolation_duration: 1 }
$data merge entity $(bone_tail_3) { transformation: [-0.9568290091072255f,0.0017971447687211753f,0.29064586286676325f,-0.058482626820552164f,0.0017684689732210442f,0.9999983709772913f,-0.0003613312256081034f,0.01560821032041079f,-0.29064603876257433f,0.00016826599211682832f,-0.956830628605805f,0.8157902151901448f,0f,0f,0f,1f], start_interpolation: 0, interpolation_duration: 1 }
$data merge entity $(bone_tail_2) { transformation: [-0.9837013385062984f,0.0017971447687211753f,0.17980113150811167f,-0.044273010771846075f,0.0017981110577957099f,0.9999983709772913f,-0.00015760516386762575f,0.015625f,-0.17980112184728117f,0.00016826599211682832f,-0.9837029675003603f,0.5642456882573272f,0f,0f,0f,1f], start_interpolation: 0, interpolation_duration: 1 }
$data merge entity $(bone_tail_1) { transformation: [-0.9955977787705665f,0f,0.09372866641062362f,-0.0460952331051064f,0f,1f,0f,0.015625f,-0.09372866641062362f,0f,-0.9955977787705665f,0.2501923615661933f,0f,0f,0f,1f], start_interpolation: 0, interpolation_duration: 1 }
$data merge entity $(bone_tail_entire) { transformation: [-0.9999805729315382f,0f,-0.006233278392033452f,-0.015625000000000014f,0f,1f,0f,0.125f,0.006233278392033452f,0f,-0.9999805729315382f,0.125f,0f,0f,0f,1f], start_interpolation: 0, interpolation_duration: 1 }
$data merge entity $(bone_upper_jaw) { transformation: [-0.9999813422410571f,-0.005798557272775843f,-0.0019214326239400466f,-0.0021952832966499296f,-0.00610861439067836f,0.9492249328326118f,0.3145388874513766f,0.4843682948678799f,-1.2246239499825845e-16f,0.31454475615161365f,-0.9492426435730339f,-0.859375f,0f,0f,0f,1f], start_interpolation: 0, interpolation_duration: 1 }
$data merge entity $(bone_lower_jaw) { transformation: [-0.9999813422410571f,-0.006085369268680711f,0.0005324008243787278f,0.0301994988466353f,-0.00610861439067836f,0.9961761113312083f,-0.08715411661681949f,0.2970626873973904f,-1.2246239499825845e-16f,-0.08715574274765817f,-0.9961946980917455f,-0.859375f,0f,0f,0f,1f], start_interpolation: 0, interpolation_duration: 1 }