# This file was generated by Animated Java via MC-Build. It is not recommended to edit this file directly.
$data merge entity $(bone_tail_4) { transformation: [-0.9485810907170733f,0f,0.3165342230059927f,-0.13149198750421426f,0f,1f,0f,0.328125f,-0.3165342230059927f,0f,-0.9485810907170733f,1.1167560778091319f,0f,0f,0f,1f], start_interpolation: 0, interpolation_duration: 1 }
$data merge entity $(bone_tail_3) { transformation: [-0.9614852805947549f,0f,0.27485642652051123f,-0.04559935421655452f,0f,1f,0f,0.015625f,-0.27485642652051123f,0f,-0.9614852805947549f,0.816291927623271f,0f,0f,0f,1f], start_interpolation: 0, interpolation_duration: 1 }
$data merge entity $(bone_tail_2) { transformation: [-0.9870728748733522f,0f,0.16027208019257583f,-0.03637736150820282f,0f,1f,0f,0.015625f,-0.16027208019257583f,0f,-0.9870728748733522f,0.564515206398915f,0f,0f,0f,1f], start_interpolation: 0, interpolation_duration: 1 }
$data merge entity $(bone_tail_1) { transformation: [-0.9972853967699066f,0f,0.07363312698432584f,-0.044532177974660574f,0f,1f,0f,0.015625f,-0.07363312698432584f,0f,-0.9972853967699066f,0.250562484690059f,0f,0f,0f,1f], start_interpolation: 0, interpolation_duration: 1 }
$data merge entity $(bone_tail_entire) { transformation: [-0.9998251609127464f,0f,-0.018698866430902142f,-0.015625000000000014f,0f,1f,0f,0.125f,0.018698866430902142f,0f,-0.9998251609127464f,0.125f,0f,0f,0f,1f], start_interpolation: 0, interpolation_duration: 1 }
$data merge entity $(bone_upper_jaw) { transformation: [-0.9999813422410571f,-0.005864574356270583f,-0.0017093675420389372f,-0.0021952832966499296f,-0.00610861439067836f,0.9600319420071723f,0.279823793048703f,0.4843682948678799f,-1.2246239499825845e-16f,0.27982901403099203f,-0.9600498543859287f,-0.859375f,0f,0f,0f,1f], start_interpolation: 0, interpolation_duration: 1 }
$data merge entity $(bone_lower_jaw) { transformation: [-0.9999813422410571f,-0.0060955353783621385f,0.00039952249641077054f,0.0301994988466353f,-0.00610861439067836f,0.9978403054273546f,-0.06540190895432375f,0.2970626873973904f,-1.2246239499825845e-16f,-0.06540312923014305f,-0.9978589232386035f,-0.859375f,0f,0f,0f,1f], start_interpolation: 0, interpolation_duration: 1 }